188
136
158
199
155
138
147
170
122
169
100
143
138
180
143
107
179
186
183
116
169
142
191
126
175
176
142
169
162
123
160
104
199
157
187
141
147
190
196
177
199
100
114
126
117
185
171
175
112
158
154
124
170
119
129
139
169
197
168
118
196
149
156
178
182
158
159
117
197
160
161
131
134
152
115
174
110
194
102
130
107
139
117
145
156
188
175
166
191
156
141
101
192
134
119
122
192
109
116
181
123
159
184
154
182
199
193
163
181
109
115
122
165
192
197
172
129
122
172
109
175
136
145
198
119
123
145
158
179
130
143
160
112
153
137
163
143
173
150
154
190
200
162
173
153
181
170
185
123
116
122
121
133
200
130
123
187
187
131
186
106
173
195
194
103
141
106
169
134
185
191
174
149
121
104
156
103
124
187
198
145
100
139
108
190
189
185
192
200
107
175
132
114
186
119
107
151
156
148
102
187
176
125
150
150
170
133
113
193
104
165
102
111
197
137
120
195
164
146
198
170
176
133
174
142
138
181
133
141
127
129
116
164
195
143
154
135
134
124
158
111
136
188
142
195
184
154
154
123
160
104
165
189
151
147
193
198
172
100
186
178
161
189
142
121
181
171
187
179
135
138
108
193
181
176
177
125
147
103
104
123
158
105
101
162
154
113
168
144
156
153
165
127
181
159
124
106
146
194
199
129
101
175
171
157
181
169
137
161
185
132
190
137
132
191
198
154
141
191
188
104
189
102
154
180
116
100
167
199
152
102
155
117
123
173
173
179
121
128
164
126
189
168
143
157
183
195
200
191
155
156
158
164
144
147
115
173
152
130
180
200
112
117
175
174
142
179
190
195
178
103
115
154
173
100
118
195
178
180
184
165
125
188
102
153
123
116
139
142
138
184
121
188
183
129
191
136
197
117
167
140
123
133
162
172
199
138
104
169
168
100
135
185
141
182
138
190
173
107
135
166
185
111
136
165
130
145
183
161
129
125
199
122
139
139
195
183
168
198
150
141
198
143
184
122
166
196
153
187
137
200
191
179
152
155
138
161
175
172
129
102
145
119
177
165
156
181
151
136
161
148
159
192
152
128
120
180
194
110
180
183
113
146
110
178
102
148
143
154
163
131
116
118
117
176
110
164
166
119
147
193
187
125
113
193
109
188
118
143
143
116
136
160
171
159
182
143
171
124
190
149
195
116
150
165
175
150
130
129
130
164
155
102
132
128
174
163
121
141
140
130
174
178
105
102
170
197
183
179
154
151
188
175
148
101
158
143
192
104
197
154
159
185
140
106
142
188
185
138
178
124
178
115
107
144
104
151
131
104
154
112
126
163
115
118
190
185
183
145
139
136
164
153
125
184
156
156
137
135
122
151
162
136
143
199
134
134
187
187
199
112
168
111
108
192
109
163
182
179
127
168
117
175
183
105
127
138
182
137
173
184
143
128
133
118
158
175
148
135
130
114
173
168
105
112
181
166
115
188
124
110
151
178
159
131
194
100
173
166
126
163
155
138
153
156
191
175
120
112
116
187
138
195
157
136
157
153
112
190
190
198
140
129
154
130
191
190
128
161
159
131
152
169
176
127
183
126
189
198
172
146
162
132
139
137
169
167
175
145
163
194
125
176
147
172
120
188
178
179
165
103
187
197
161
186
175
127
198
146
140
194
186
132
178
182
147
158
102
109
197
125
170
165
199
123
102
195
102
108
134
154
187
178
183
158
136
142
150
130
195
139
122
171
122
167
187
188
154
105
103
197
194
139
174
113
116
176
107
142
149
176
185
184
111
154
130
110
112
114
169
142
106
133
174
179
193
152
113
151
150
139
135
108
138
197
198
147
176
155
179
102
116
169
194
147
134
165
191
170
171
123
167
186
161
180
173
114
103
121
148
140
141
183
151
191
177
115
145
143
162
141
168
135
194
109
172
156
126
157
186
193
154
154
146
160
149
110
105
140
182
200
101
100
197
166
126
192
118
101
196
124
104
200
108
111
200
158
192
193
176
179
159
141
103
190
183
119
196
161
101
169
161
183
155
126
125
129
103
145
132
200
167
112
123
158
114
157
176
177
133
101
128
164
119
156
176
171
145
106
174
166
118
194
128
129
124
172
170
108
133
195
162
139
191
143
173
116
115
111
122
111
171
174
101
143
187
154
113
155
172
159
178
139
107
128
115
134
109
121
197
158
108
188
133
141
145
164
190
132
197
122
165
181
174
102
154
150
142
151
141
118
111
126
171
105
122
170
186
191
156
196
156
189
117
109
170
185
188
141
159
111
138
104
147
190
157
134
114
136
165
186
114
192
121
144
171
106
186
196
137
178
142
134
176
136
101
108
117
152
119
196
142
117
137
187
137
175
113
157
114
185
168
135
151
109
178
135
195
124
132
145
118
143
180
160
146
165
130
183
137
107
143
111
193
111
190
192
117
126
185
162
168
139
106
177
152
135
189
181
159
132
127
102
197
127
167
124
133
102
143
150
179
175
151
171
157
107
157
158
115
113
175
117
192
109
123
174
103
104
104
146
144
136
107
152
132
172
133
180
152
170
106
176
130
118
124
150
119
164
156
155
182
128
126
141
110
187
193
145
166
158
136
192
109
178
186
126
170
192
193
102
100
190
190
129
175
104
100
103
142
133
171
163
133
151
121
152
127
126
163
142
128
153
101
104
182
181
150
142
193
190
139
140
102
119
100
108
180
197
132
100
106
162
171
187
105
159
114
119
153
139
173
123
101
188
145
113
118
194
148
177
164
125
152
168
110
112
154
197
199
179
111
133
168
177
192
126
160
190
153
136
131
194
136
112
107
121
116
175
172
107
176
168
150
154
157
149
140
122
121
178
196
131
167
109
123
150
132
102
152
125
112
182
141
157
179
122
165
127
186
136
144
134
117
121
200
168
106
107
137
116
184
123
182
188
185
186
148
185
127
172
121
159
126
125
199
159
186
193
134
126
183
130
116
109
125
101
175
177
116
145
114
115
190
200
100
108
140
193
171
152
161
182
103
196
173
194
146
146
172
124
184
186
111
109
116
156
116
192
120
147
151
165
158
145
196
149
156
119
140
200
199
118
135
149
137
107
123
181
115
196
181
140
135
132
130
120
197
183
102
188
117
122
196
151
111
126
199
144
129
142
143
106
193
114
163
162
134
101
189
198
197
122
149
102
103
147
100
114
189
163
200
111
118
189
111
163
195
136
132
128
110
163
132
133
145
190
197
109
200
195
177
145
142
148
144
184
194
173
192
122
145
161
156
128
200
131
144
117
161
170
162
136
120
142
105
200
119
104
148
144
147
182
105
125
106
142
136
125
147
161
161
178
125
116
173
189
127
157
126
177
185
126
139
188
153
165
139
165
110
194
144
136
135
123
190
173
128
157
116
121
158
125
153
104
145
115
182
128
145
186
170
148
130
128
145
190
189
129
105
142
112
140
111
102
140
171
163
136
112
194
182
168
131
135
169
185
125
110
195
106
165
177
106
129
158
200
165
163
132
175
101
142
109
134
111
158
140
191
181
106
168
108
130
171
138
125
179
195
196
148
103
179
144
147
191
200
126
107
181
195
181
169
190
100
122
171
145
177
129
164
149
121
114
124
134
145
159
174
105
180
143
194
100
153
143
138
167
127
125
124
162
176
189
143
125
175
129
115
100
105
177
161
126
132
149
194
168
152
182
107
178
171
135
111
112
186
160
192
200
193
192
158
163
112
159
145
107
170
181
191
121
191
109
103
105
159
119
188
160
192
132
102
106
159
169
101
164
119
142
137
163
140
142
116
126
153
192
152
167
110
172
196
110
195
176
120
148
182
139
184
125
156
200
120
122
183
135
125
150
163
142
160
175
122
187
146
105
134
140
107
177
119
150
100
182
100
145
189
108
191
148
151
187
137
137
165
102
119
175
174
169
100
144
142
144
152
190
140
169
161
177
184
175
162
130
200
200
178
145
187
114
120
114
159
153
145
197
100
193
169
191
149
119
199
192
157
199
101
164
153
144
189
102
195
107
185
153
145
191
161
200
195
159
161
161
145
187
151
141
101
196
180
144
154
126
196
145
116
112
111
142
128
171
175
108
196
147
175
191
155
161
193
130
191
109
103
164
146
114
135
140
188
150
143
157
160
134
171
154
111
140
171
172
194
162
126
165
142
196
105
164
122
166
170
103
189
169
159
148
105
137
147
168
183
183
146
184
184
110
200
112
101
191
194
160
171
125
144
120
112
144
192
169
124
102
153
169
166
125
140
191
139
104
148
121
175
199
177
164
183
162
185
113
137
175
126
142
185
185
127
132
134
112
139
196
186
125
173
111
130
158
130
182
103
190
176
165
147
116
184
194
184
125
178
102
162
138
150
165
115
123
193
186
116
102
134
104
158
105
169
122
167
161
108
149
149
135
161
104
139
156
129
104
158
140
160
107
190
164
122
159
180
104
197
174
150
164
179
199
169
176
146
160
136
122
152
114
164
124
127
179
141
106
121
168
162
159
151
143
142
139
192
118
139
169
154
112
169
188
142
163
113
110
161
152
119
190
103
109
181
194
178
116
118
190
145
131
182
134
166
103
102
105
186
127
111
148
193
156
145
154
151
174
156
121
125
133
144
169
141
177
190
143
112
152
113
146
129
128
125
182
171
173
134
109
175
138
100
159
119
177
182
146
175
181
120
125
117
145
133
180
145
178
126
110
112
190
180
106
120
183
158
132
139
178
151
191
130
137
129
175
100
153
170
194
108
178
182
142
165
190
132
140
140
122
197
169
106
114
146
115
119
181
138
195
100
107
158
189
193
112
183
104
194
160
117
184
149
116
113
152
123
200
188
159
195
178
186
189
193
182
115
158
132
189
156
107
160
107
142
197
146
133
168
139
173
107
147
177
199
161
127
155
186
127
157
110
101
185
179
144
170
173
126
166
113
102
188
154
124
107
194
113
196
149
165
120
118
112
171
131
165
177
175
104
193
118
153
117
107
139
101
195
164
123
155
142
121
100
120
196
182
125
124
143
136
115
160
131
151
173
100
143
150
157
185
187
157
152
188
188
107
113
105
133
168
139
172
131
159
163
185
139
161
186
123
120
135
139
148
158
101
101
198
113
133
154
197
124
172
167
174
109
120
161
142
166
140
163
156
145
131
158
189
155
169
143
102
119
172
177
181
134
181
161
120
148
187
106
127
176
116
110
109
124
170
126
180
199
129
153
138
167
108
157
164
152
175
136
148
151
187
171
125
193
160
163
144
137
169
133
180
119
130
193
125
115
117
113
198
169
119
163
184
194
166
177
174
123
123
117
178
120
186
114
147
196
171
153
147
110
159
173
102
132
180
163
155
195
184
101
176
129
180
194
188
103
199
117
120
170
169
128
156
151
184
186
115
194
158
161
181
160
121
127
184
129
196
174
102
113
133
101
185
162
147
146
165
149
130
112
197
127
160
173
114
169
161
114
181
107
127
113
184
124
174
166
110
160
194
143
123
194
151
176
121
182
186
152
165
185
148
114
140
182
159
124
146
136
156
103
110
198
188
101
173
166
123
171
109
103
118
119
183
120
185
116
116
144
195
126
164
194
197
130
173
199
170
155
151
138
158
200
130
139
181
154
100
194
121
159
151
108
197
158
116
183
101
172
130
158
169
126
102
186
126
173
162
109
181
118
128
195
105
199
153
108
157
189
116
198
137
121
122
126
124
153
133
196
168
140
140
104
144
111
172
112
199
185
161
131
130
137
167
139
195
189
118
127
128
197
141
170
172
142
102
135
117
189
138
159
184
131
193
191
104
123
125
190
167
176
113
130
150
177
136
197
124
183
115
174
162
147
137
151
111
108
117
184
106
144
122
118
183
199
170
179
187
193
108
147
129
100
186
175
115
122
187
157
160
165
111
122
130
135
171
186
156
101
144
171
140
122
195
181
117
198
149
135
182
127
142
157
181
118
103
193
192
167
136
141
169
115
189
173
103
190
123
198
113
108
158
143
157
109
195
124
100
195
179
172
124
160
177
156
155
159
128
113
141
133
148
111
178
198
160
101
135
153
160
133
199
177
124
119
157
165
145
189
134
182
170
197
101
183
180
122
168
126
168
137
125
119
132
175
149
145
118
144
109
148
167
142
128
154
192
173
162
199
142
123
141
193
147
106
174
186
124
146
195
155
138
114
118
154
159
167
122
156
138
150
145
125
192
179
114
101
114
173
100
138
171
169
112
141
152
163
183
177
162
180
146
122
116
130
173
144
199
160
142
188
119
170
107
130
198
153
110
137
108
142
158
128
177
121
190
184
126
120
197
106
198
188
148
126
177
155
182
103
194
173
197
152
153
173
168
131
126
150
137
189
147
196
112
124
171
105
176
128
165
166
168
195
165
163
156
156
120
132
168
141
154
188
193
124
101
126
148
166
189
101
199
151
112
152
145
168
160
196
161
177
136
111
172
190
142
161
168
181
152
163
118
143
108
164
119
179
184
114
108
153
194
117
148
117
180
115
126
162
172
125
102
175
117
142
141
163
104
136
143
135
107
118
140
194
149
179
143
119
148
170
100
109
124
154
193
187
162
122
143
162
180
153
197
124
117
145
136
153
114
129
114
199
160
169
102
116
196
174
127
103
173
107
195
126
128
182
151
118
164
188
166
148
121
200
184
197
152
200
173
186
158
196
113
195
171
102
163
142
199
187
157
142
139
187
199
190
109
104
120
166
131
102
105
163
200
196
163
127
154
152
185
156
167
122
109
145
170
198
174
104
159
198
142
172
133
168
120
140
100
180
128
101
159
142
132
119
150
171
101
150
185
124
109
182
181
112
169
171
157
188
101
168
162
131
105
146
116
137
185
148
136
101
163
149
182
194
175
106
145
101
112
151
189
136
199
147
180
155
175
101
173
154
179
182
155
175
111
176
197
150
168
167
155
133
163
184
179
182
103
119
170
160
159
175
173
125
178
187
179
121
191
135
146
117
141
174
128
166
124
140
144
128
199
102
171
136
112
140
108
181
143
147
115
125
119
188
108
124
166
159
145
117
124
175
132
109
163
156
189
180
114
184
172
158
194
118
128
168
159
192
199
150
151
172
154
137
134
153
147
164
131
165
180
169
132
109
111
180
135
163
170
104
100
120
134
102
115
157
126
156
134
141
161
129
156
160
111
111
178
193
117
198
118
196
144
106
157
123
144
170
141
134
119
102
131
191
103
184
122
198
126
186
115
104
101
149
136
128
200
126
132
174
148
102
153
126
134
189
121
198
135
182
121
145
194
160
199
181
177
177
102
173
106
107
114
105
163
112
174
128
144
195
171
192
119
112
177
193
120
173
171
160
125
140
128
187
189
120
131
116
164
167
163
106
199
108
102
145
184
124
142
132
176
131
126
136
133
107
129
149
167
168
199
169
116
112
129
124
165
145
145
152
155
125
157
101
200
158
102
193
123
168
164
141
157
141
141
113
109
185
134
183
163
142
115
134
131
195
187
184
193
196
105
163
159
125
187
142
174
166
109
149
193
149
200
140
161
171
161
199
194
182
124
146
136
111
111
180
114
182
134
131
122
182
150
179
161
160
106
117
181
196
153
168
125
125
119
124
169
172
118
122
197
149
119
115
156
171
189
159
128
174
157
108
134
179
123
147
170
169
134
185
124
191
159
180
142
193
109
110
191
173
164
198
141
195
193
169
191
113
116
198
123
130
140
130
150
181
193
114
137
141
148
165
155
188
129
141
183
176
113
172
126
143
128
120
157
115
169
138
153
113
118
150
115
100
127
194
200
118
147
133
129
170
164
128
101
168
154
127
121
146
116
143
115
111
192
118
189
124
165
173
131
104
143
111
168
189
170
126
137
118
116
116
189
186
131
123
124
148
124
168
178
116
196
156
185
185
169
106
112
198
125
135
159
115
167
100
121
136
190
194
191
123
161
188
126
199
142
109
181
104
173
105
186
177
135
168
146
167
112
113
155
176
190
127
135
189
187
188
108
151
133
164
117
168
183
110
171
167
180
147
104
165
176
174
192
139
177
147
188
148
177
175
155
132
184
162
138
159
140
119
130
133
115
180
148
196
177
151
147
124
110
176
151
167
181
117
137
104
193
123
152
181
104
170
196
125
129
129
139
120
102
112
186
195
136
146
115
126
100
158
124
163
144
123
185
140
118
135
115
136
136
137
142
128
112
111
186
152
137
105
129
107
188
161
147
176
127
139
117
143
162
194
132
173
186
121
136
100
162
169
127
199
129
112
106
127
102
187
181
192
185
140
192
197
192
165
182
100
166
105
169
107
119
170
186
104
152
147
161
105
185
176
200
182
150
173
146
169
103
200
113
128
150
147
150
106
195
131
166
166
152
124
170
162
185
141
146
122
169
182
104
140
156
166
148
143
121
188
162
137
180
129
114
171
197
125
132
109
172
132
189
127
150
183
181
139
144
133
151
198
163
166
185
173
171
131
105
168
187
161
194
195
131
156
121
163
170
111
105
191
175
149
186
108
122
160
121
195
155
105
169
146
179
154
163
152
172
125
149
129
147
100
146
103
185
116
164
128
106
186
184
171
194
144
105
121
167
151
161
184
107
142
175
117
200
111
135
161
113
129
165
144
103
200
192
138
174
102
200
178
170
134
123
131
101
182
162
116
184
168
154
109
119
106
197
154
192
163
177
193
101
146
150
114
124
174
129
114
190
137
106
156
147
128
177
128
122
140
188
189
157
121
133
120
195
129
150
165
192
196
111
103
179
129
191
145
194
193
179
194
116
158
123
119
112
192
125
154
195
125
142
139
154
119
171
184
145
199
103
100
129
117
181
136
136
111
131
140
153
115
141
179
178
111
183
164
128
148
183
182
158
123
128
111
129
171
152
199
161
174
185
182
114
137
116
180
104
188
111
171
186
174
100
165
136
147
178
189
148
149
178
192
177
158
190
113
182
135
109
102
181
155
160
137
121
126
130
130
148
105
196
124
155
118
179
123
166
138
118
162
102
131
156
110
150
159
138
133
187
156
188
197
173
115
163
140
106
122
100
116
134
200
185
173
183
120
165
118
154
172
199
155
166
194
123
101
141
185
110
115
102
105
132
148
179
111
164
195
130
192
128
137
159
194
129
177
122
108
136
116
153
121
186
165
144
160
112
190
180
113
184
107
134
188
171
142
159
149
123
123
172
191
122
105
174
181
110
135
105
123
190
135
129
135
100
157
142
110
107
157
157
120
167
200
182
116
170
188
169
176
108
150
192
166
138
145
134
183
106
116
126
172
184
145
189
161
175
106
191
108
123
168
195
134
181
143
174
113
199
145
145
118
152
112
172
183
131
108
106
126
161
103
131
108
114
111
189
132
131
122
188
142
170
129
199
118
196
200
147
146
146
186
120
111
132
169
195
179
193
154
192
169
157
178
158
168
122
135
193
120
146
175
190
178
123
177
188
196
200
117
168
173
145
115
178
169
116
140
117
100
144
174
110
127
115
185
193
114
106
139
185
124
183
144
136
123
125
150
190
199
129
120
197
163
120
120
125
135
135
114
136
136
171
158
158
106
139
163
190
187
153
119
194
190
188
187
103
155
127
190
162
168
182
134
130
196
125
150
144
177
168
121
123
102
120
105
140
180
159
131
118
159
166
174
114
167
110
141
150
191
159
131
190
115
154
109
134
120
122
192
130
184
180
155
171
124
139
146
136
128
140
122
197
134
136
155
105
117
135
111
191
155
117
182
168
194
160
101
200
174
176
173
172
200
149
156
192
152
119
126
131
114
188
113
149
111
170
188
185
140
196
146
168
159
122
140
107
158
143
133
183
170
105
195
112
139
191
135
122
199
104
190
128
194
112
139
198
198
158
132
190
128
164
134
111
107
101
152
122
109
173
141
128
112
188
190
166
149
152
109
110
142
177
104
121
131
117
113
122
178
180
157
160
130
189
148
148
118
184
191
156
110
142
144
126
167
185
146
129
194
198
146
109
153
111
163
122
139
105
136
145
102
188
125
107
154
187
150
155
167
137
156
175
172
155
121
110
108
116
173
186
172
107
186
136
164
175
139
183
150
190
181
123
154
176
153
114
137
127
126
157
112
169
107
109
171
179
107
135
116
167
172
136
166
174
137
153
137
191
128
172
166
187
180
188
160
142
193
152
171
119
164
158
158
182
111
147
124
108
151
186
195
136
162
113
123
180
137
177
105
158
141
185
107
115
133
137
104
173
160
169
174
168
142
164
179
138
139
186
185
100
165
188
153
190
147
197
161
134
122
140
150
141
177
164
141
130
116
114
173
153
131
183
151
116
102
171
184
171
138
190
192
199
165
155
193
139
188
117
113
165
145
172
175
193
125
190
152
159
120
151
140
182
118
194
192
194
106
177
105
113
146
193
189
142
196
152
137
180
131
146
118
164
156
108
157
186
197
124
200
160
157
198
107
179
147
182
140
138
153
171
173
137
158
164
169
107
178
125
124
104
162
170
135
145
110
164
169
105
196
112
173
175
121
200
101
151
186
122
105
197
132
195
100
180
176
115
140
100
190
164
120
152
128
194
104
125
110
105
116
190
168
130
186
148
198
175
106
142
175
171
179
155
175
162
133
176
103
112
163
193
143
131
191
112
132
168
196
160
146
179
170
171
150
113
141
129
109
200
186
191
180
193
118
199
102
154
156
148
150
103
196
130
138
140
102
101
181
171
174
143
109
119
174
183
171
131
166
111
178
110
120
145
115
187
119
146
189
187
115
185
176
148
174
195
176
116
134
136
125
126
109
119
154
189
111
125
144
132
149
182
124
137
183
109
109
115
134
106
126
127
124
169
118
128
181
115
123
194
147
125
139
116
108
123
123
185
106
106
140
127
178
113
152
111
130
167
135
157
164
103
157
105
185
182
160
134
122
141
197
102
113
193
161
190
117
130
107
144
171
118
172
139
169
178
159
165
165
182
121
130
107
113
125
184
138
177
100
169
164
137
144
165
174
160
178
143
146
187
102
149
130
106
106
104
110
158
175
160
126
173
192
180
177
189
134
176
138
186
163
138
103
129
183
187
124
183
111
188
197
102
121
192
146
150
107
196
148
198
163
164
142
160
144
145
195
154
103
137
164
169
161
104
106
126
158
150
163
136
183
141
170
116
138
156
196
163
196
165
193
165
141
120
111
192
194
132
135
152
164
181
196
152
180
130
190
174
113
156
164
138
159
143
121
181
168
196
136
108
197
147
171
115
128
111
191
194
107
199
171
102
127
184
116
184
123
190
191
148
146
129
186
174
153
126
132
121
149
121
200
126
117
178
100
146
115
151
165
175
101
194
179
178
124
183
153
116
189
131
146
102
173
125
179
134
158
143
171
172
122
132
149
113
135
180
110
