161
137
160
134
184
197
110
128
178
123
130
141
118
144
106
164
107
113
182
177
186
192
173
162
122
115
176
174
199
189
137
118
150
154
116
110
100
131
175
166
182
109
111
100
196
197
120
179
138
108
128
122
185
110
123
116
119
162
184
126
131
134
118
130
165
101
161
187
141
118
115
183
166
182
165
104
102
157
187
116
123
159
139
140
164
121
169
189
106
191
178
113
102
149
112
170
129
112
177
149
151
158
169
121
170
151
134
130
158
149
156
119
188
170
122
120
199
130
113
140
151
187
162
155
100
172
166
147
160
190
124
108
146
121
152
123
157
148
134
112
137
129
140
153
188
192
105
145
190
189
170
197
136
104
135
154
130
114
122
199
181
147
118
119
195
134
122
133
156
199
158
138
169
150
108
192
186
197
157
105
100
150
103
181
144
140
109
111
144
122
107
179
153
118
121
108
178
178
188
161
117
124
190
113
125
177
197
189
185
155
110
121
158
152
103
149
137
153
101
155
126
145
108
139
182
126
172
110
149
198
158
116
134
191
151
179
100
134
117
167
156
104
100
186
197
122
181
191
140
125
143
129
136
117
163
194
189
197
158
114
146
138
102
134
158
150
173
176
169
191
140
137
120
191
133
135
166
135
146
102
149
130
126
131
195
164
164
146
118
155
145
128
142
150
140
140
144
127
120
110
176
109
126
167
163
106
157
169
173
160
166
193
107
150
183
149
166
193
140
156
150
133
191
140
105
146
141
189
183
198
186
179
162
148
178
135
184
118
146
120
198
149
126
122
169
178
103
120
146
144
113
119
117
127
158
163
157
117
111
159
192
131
133
180
190
185
105
196
200
136
103
192
161
154
165
188
146
199
178
196
133
111
109
110
131
145
146
152
128
109
168
120
144
139
140
167
142
134
174
169
169
200
189
200
128
106
169
198
198
141
123
129
120
135
137
159
150
116
165
162
119
191
121
159
147
179
200
139
146
110
157
129
137
103
167
142
173
114
187
181
161
168
172
168
172
150
169
116
153
101
109
124
116
105
177
116
148
126
101
112
197
193
162
135
127
155
194
109
179
173
135
178
196
129
169
164
115
104
199
150
196
137
182
196
188
128
135
139
142
149
121
142
176
123
191
180
152
184
135
172
190
136
112
182
153
134
198
105
192
138
177
190
135
157
158
191
168
123
128
197
133
129
112
195
146
151
128
125
162
132
186
166
118
133
198
104
200
185
189
138
190
182
146
198
124
176
145
112
127
146
191
196
141
128
188
122
172
120
173
161
136
158
169
174
112
147
168
141
155
183
189
134
148
187
178
197
156
107
124
164
102
181
126
180
103
167
183
122
132
130
170
112
126
130
101
151
119
166
179
185
100
164
101
124
162
128
166
114
130
149
107
152
129
174
166
117
120
162
160
152
128
163
130
147
134
200
128
200
190
178
171
104
193
144
182
162
181
123
107
132
116
162
166
174
110
162
160
164
128
198
161
133
185
193
164
109
134
130
102
131
114
152
181
104
199
188
191
177
132
151
155
118
117
171
110
197
193
187
193
121
166
189
166
159
127
158
114
117
101
158
199
167
183
145
174
156
138
106
138
169
141
121
121
104
184
176
164
172
169
135
195
185
165
164
121
122
187
153
166
102
111
125
155
133
109
134
132
172
173
195
193
173
153
170
154
180
157
193
153
162
168
133
158
171
191
166
174
129
180
132
173
150
168
167
162
117
117
131
100
131
107
183
176
189
127
159
167
116
178
152
122
199
143
187
160
161
165
112
178
162
144
125
135
131
163
171
190
188
159
146
192
115
173
130
153
188
170
117
135
169
187
129
181
119
167
119
156
114
181
138
169
187
121
200
127
153
101
185
177
135
132
173
119
126
107
140
150
160
155
168
190
184
113
119
104
165
176
170
148
196
178
183
191
149
198
199
198
181
106
184
149
159
149
183
178
118
119
135
163
118
111
154
152
157
122
100
182
120
186
156
140
145
195
100
154
168
160
174
101
160
136
170
110
169
173
189
128
184
124
107
124
105
192
176
136
140
112
103
198
164
125
128
113
157
159
178
184
168
164
178
134
109
112
192
133
107
162
198
170
159
113
147
138
158
186
146
129
119
144
120
119
119
162
132
182
200
116
126
174
193
126
200
129
173
132
118
161
107
104
121
118
163
117
127
164
168
142
100
101
188
167
141
117
186
193
160
193
175
179
172
134
184
161
140
190
173
133
140
130
131
192
109
141
191
118
164
199
196
197
196
143
111
146
121
160
160
116
129
110
196
