551
374
466
424
566
186
770
991
283
84
984
224
618
451
733
176
111
512
650
79
14
38
362
328
220
52
92
648
662
904
333
662
877
722
471
289
700
291
588
261
410
192
7
156
944
905
240
507
8
891
403
325
770
564
379
401
220
443
355
759
59
207
5
103
825
278
371
185
944
494
696
21
362
249
175
331
124
709
851
654
26
433
617
909
617
394
630
261
949
988
427
80
937
924
903
701
997
718
78
533
158
915
252
278
837
942
467
728
543
869
424
795
669
991
478
252
902
937
331
333
890
359
527
452
145
5
435
178
816
547
961
738
260
592
542
604
684
990
260
528
438
992
610
364
304
708
229
59
941
949
888
114
392
577
282
280
866
855
358
295
966
27
143
605
843
477
963
456
783
652
89
491
93
822
896
359
712
599
72
135
26
403
820
747
250
449
664
850
236
285
656
194
609
960
801
731
209
508
10
125
381
770
433
688
120
710
829
207
718
118
917
498
664
852
539
368
572
302
38
746
466
92
872
490
992
92
513
620
78
250
834
69
796
640
537
228
443
565
74
148
54
960
75
944
750
623
246
108
490
942
549
508
892
930
636
695
509
261
301
198
692
450
669
62
990
907
838
958
670
688
834
606
219
124
619
428
59
498
752
531
316
546
61
888
558
702
805
966
597
986
721
319
641
986
450
565
550
201
603
827
727
672
913
825
653
38
268
238
316
446
798
270
986
813
123
431
691
444
210
260
44
339
735
258
483
134
634
882
22
447
274
355
810
122
897
886
378
320
832
27
924
634
818
284
173
880
316
544
20
490
61
333
442
414
573
385
418
50
683
334
650
509
475
645
603
572
857
67
978
937
564
288
752
610
674
696
850
501
720
658
195
409
832
244
900
949
47
827
841
429
326
56
903
197
861
817
138
370
47
595
451
487
825
767
322
301
828
526
405
987
780
159
626
892
537
160
288
613
492
52
356
243
176
656
277
472
910
664
369
608
449
24
860
296
377
2
891
935
414
795
49
851
403
751
941
130
91
382
99
817
267
224
643
737
790
230
856
368
600
816
676
50
216
531
564
693
348
587
233
126
453
206
544
931
362
683
195
505
744
751
674
227
662
372
892
372
834
181
490
111
487
157
382
378
621
700
220
3
831
977
882
443
705
463
313
832
664
138
129
60
530
635
329
603
266
752
259
26
533
490
783
668
577
337
453
869
404
877
849
433
635
548
420
807
954
648
482
656
126
7
772
220
561
772
682
558
48
244
55
772
8
633
316
501
870
728
381
734
831
408
38
180
584
555
53
226
968
361
612
656
58
758
171
803
892
363
102
795
647
907
37
859
679
986
725
677
178
381
581
629
506
636
207
271
321
712
450
164
278
259
979
625
938
70
909
625
789
636
97
34
351
841
390
411
798
786
381
52
351
33
788
943
525
886
800
282
394
73
123
272
502
629
554
118
371
263
25
831
274
188
432
152
458
276
859
511
616
927
288
469
242
821
490
374
246
585
18
387
379
323
480
752
47
763
504
656
499
489
791
374
50
196
850
616
259
917
670
368
480
475
336
290
953
385
339
218
552
729
324
216
911
823
614
623
30
241
695
341
138
726
309
823
222
889
435
811
227
964
534
719
252
482
925
168
328
150
36
27
590
32
510
68
162
273
594
998
642
476
739
386
791
456
345
430
333
411
393
243
569
533
287
631
838
301
467
199
825
339
471
618
777
54
872
819
680
976
385
831
564
515
603
889
630
717
759
758
188
692
190
519
133
832
880
666
156
739
671
463
960
832
682
390
154
399
824
75
931
52
801
835
10
619
133
435
514
691
777
678
670
37
625
340
631
132
126
111
896
675
499
315
975
767
531
992
831
131
695
256
549
280
37
601
686
520
647
119
226
582
272
410
471
306
488
292
39
96
821
319
147
588
986
65
954
677
281
580
842
79
186
348
133
903
890
701
78
335
553
945
50
415
242
168
747
658
699
774
377
8
739
239
463
510
25
665
495
104
709
593
563
284
556
534
939
37
817
24
311
200
153
140
682
548
735
598
241
397
548
5
85
144
116
423
926
874
614
794
395
874
659
615
557
445
726
22
766
279
30
415
459
110
123
156
694
49
76
746
407
450
173
766
254
103
649
472
984
153
808
120
936
516
503
543
998
729
677
298
546
906
883
866
794
142
191
662
224
400
914
250
452
339
216
952
966
430
377
359
103
776
345
583
95
179
287
712
705
400
998
398
765
486
279
823
148
897
640
99
599
533
835
844
759
12
264
546
66
687
843
70
328
354
134
636
323
483
3
689
551
297
512
382
340
687
780
682
652
815
599
626
179
204
419
783
697
668
716
742
988
466
257
820
283
428
962
317
461
712
556
692
832
353
263
992
969
460
999
853
376
688
319
877
1000
62
122
90
587
842
975
925
825
20
407
490
602
642
686
295
376
380
386
237
111
719
908
64
897
998
174
364
272
502
589
954
235
797
602
52
716
440
885
917
704
252
788
329
699
84
895
41
510
736
159
420
684
400
120
847
404
471
445
455
550
626
398
320
573
445
912
777
56
830
868
336
2
270
874
253
95
271
441
671
763
233
315
581
234
776
430
198
217
236
498
635
522
378
538
409
688
922
894
99
920
477
262
320
719
866
554
688
724
373
11
928
352
152
150
414
124
559
402
519
178
598
303
976
998
128
583
280
404
951
661
979
627
348
550
823
183
536
70
570
895
737
269
976
112
473
777
364
631
948
482
67
106
114
503
131
665
997
363
529
517
954
219
597
682
345
291
355
302
752
20
573
500
772
906
810
366
784
946
395
464
180
298
465
897
579
661
375
126
892
463
693
587
315
372
976
755
779
477
469
162
722
141
187
1
617
70
863
205
434
666
465
822
404
440
759
552
617
424
105
383
778
617
685
839
881
497
4
275
785
177
821
20
931
799
491
228
295
87
3
100
188
585
579
72
841
803
906
983
291
371
543
871
968
639
107
294
464
584
582
7
834
662
79
723
695
143
327
826
223
58
583
621
579
459
987
676
115
702
454
127
411
24
886
23
700
875
731
17
386
162
459
834
623
610
58
981
5
462
830
820
888
697
14
637
487
653
424
913
420
114
657
832
681
999
420
323
185
554
15
866
458
423
820
798
856
718
962
509
732
557
176
460
255
986
564
65
432
361
50
17
609
810
936
264
445
985
431
179
934
5
885
938
42
620
439
547
387
923
93
765
306
840
514
457
544
669
716
607
605
739
312
538
688
127
937
301
828
377
579
435
641
452
152
397
705
817
672
305
561
999
669
764
414
646
526
101
821
654
283
180
593
476
240
21
312
5
743
937
357
653
859
842
449
753
607
855
205
687
255
799
55
606
11
316
230
347
526
257
888
523
40
610
911
986
335
88
930
261
791
250
993
705
287
758
957
528
215
16
909
796
524
527
392
24
384
548
809
559
641
674
692
320
574
987
331
911
810
300
1
857
402
615
308
96
575
907
299
669
841
62
870
45
95
919
848
947
985
501
964
243
378
470
922
969
850
671
293
831
743
900
916
892
521
519
394
504
838
732
433
916
784
663
249
336
571
296
205
896
2
575
643
356
571
306
117
626
207
624
989
718
686
117
774
906
907
899
406
214
732
739
798
238
445
511
764
193
599
961
968
792
338
978
124
451
566
303
719
992
243
257
224
181
650
365
827
762
317
459
12
448
324
508
189
428
497
504
101
333
969
332
659
805
888
911
828
653
920
467
420
191
488
553
923
554
855
160
944
648
416
414
566
250
400
265
855
923
698
530
170
450
572
387
926
135
110
988
754
695
817
255
292
70
699
252
21
422
726
127
199
229
152
872
578
822
774
1
914
577
375
55
117
8
704
387
697
44
744
184
132
724
371
576
236
94
738
657
9
825
517
418
236
185
183
250
342
325
608
281
99
723
44
375
942
485
362
731
957
434
992
752
714
559
166
225
455
852
836
888
6
896
671
962
155
502
18
751
722
261
737
263
95
283
70
418
582
417
943
148
638
329
774
901
890
578
156
168
853
553
105
957
986
849
715
177
14
157
470
656
742
426
780
381
220
653
666
448
89
967
397
58
3
591
124
786
802
200
620
117
511
342
155
704
323
923
128
494
991
626
180
670
656
642
28
898
193
648
885
648
864
50
667
796
245
62
528
176
834
904
265
897
661
913
353
581
720
715
247
316
230
70
628
591
760
145
218
438
692
923
771
685
873
239
318
384
757
699
655
497
884
284
256
281
743
548
172
146
834
626
88
331
140
327
311
259
665
384
203
876
386
322
903
71
976
305
238
449
872
185
278
832
140
548
651
991
79
792
401
994
691
676
159
312
245
996
334
288
912
763
67
84
290
287
797
190
947
61
634
571
546
132
902
519
577
847
758
473
681
262
143
149
803
990
151
637
116
10
760
569
849
673
800
648
825
718
495
839
692
912
614
727
528
841
347
717
186
427
491
498
782
344
251
802
402
909
474
204
64
866
181
314
744
276
69
177
851
189
788
266
971
409
793
516
527
155
316
982
220
800
792
616
439
990
734
438
71
602
187
788
341
165
493
243
481
787
914
320
770
541
209
640
963
383
558
360
682
52
302
111
365
708
426
825
947
37
972
450
496
927
736
156
879
588
51
355
551
517
691
316
657
266
633
640
15
926
122
522
289
54
808
827
340
585
819
292
236
921
532
702
627
184
278
395
480
128
175
122
795
374
847
923
575
451
698
161
534
990
690
896
985
51
26
34
326
499
646
941
742
306
852
723
534
667
765
464
23
875
141
807
622
873
198
268
885
318
270
435
506
541
294
446
548
949
779
13
228
207
273
142
348
681
764
364
484
742
168
781
275
288
58
301
673
449
71
236
66
347
706
19
797
638
124
984
644
176
723
312
57
612
865
362
32
450
80
58
85
427
245
639
323
623
784
514
7
410
789
267
6
942
47
738
913
324
390
307
682
484
235
587
928
258
871
717
738
860
258
204
370
409
659
275
482
569
261
688
728
132
807
825
174
909
100
596
720
657
347
72
174
110
122
102
662
442
54
374
461
347
472
521
619
826
223
262
167
164
75
945
69
36
597
702
526
549
871
301
171
279
548
187
396
946
169
471
643
245
204
517
608
278
88
880
677
490
234
659
244
959
34
475
802
571
586
316
325
660
218
235
754
34
440
596
267
20
633
742
521
999
453
86
311
64
650
755
841
959
298
38
139
584
740
56
175
554
376
573
5
80
453
326
85
502
128
469
320
481
437
452
433
116
538
123
857
251
966
120
437
925
787
133
958
668
22
819
983
230
642
701
831
805
325
8
508
649
527
279
903
735
295
108
936
387
821
312
122
258
531
143
262
327
755
531
669
933
357
886
853
847
91
350
214
687
840
456
240
113
309
3
480
370
5
142
768
949
31
956
617
486
17
225
335
756
508
223
473
809
801
529
192
483
857
554
86
290
576
218
27
860
966
751
136
575
365
819
37
114
374
926
386
948
296
588
128
92
984
507
921
788
34
771
740
436
182
577
82
335
171
611
40
953
67
884
47
962
838
709
363
268
131
196
902
739
188
623
520
68
875
331
888
100
685
858
700
318
217
452
62
594
334
849
326
84
805
108
710
904
152
892
867
563
790
356
964
631
443
770
24
700
39
6
919
49
58
111
212
82
190
154
200
740
627
13
137
467
188
19
349
472
788
69
718
984
56
319
907
243
137
620
728
293
643
421
641
915
354
542
64
43
217
762
910
957
585
177
589
929
952
517
59
980
937
245
14
117
129
571
674
377
26
296
139
523
492
940
222
864
474
453
683
138
489
673
502
325
14
342
458
126
665
436
301
414
851
213
120
283
386
190
996
674
727
152
974
321
456
556
173
713
124
928
416
900
154
224
473
580
878
226
539
615
836
243
51
966
972
809
30
161
963
61
389
934
931
627
793
662
201
846
34
85
489
44
196
405
400
794
726
597
619
452
478
689
654
254
87
871
632
74
468
916
228
651
247
155
836
415
58
894
30
991
282
218
429
287
264
93
160
588
811
557
721
695
648
832
552
336
361
345
508
969
83
317
90
224
229
896
363
814
687
967
970
841
51
851
796
354
424
736
326
465
187
431
717
610
772
338
693
718
353
566
762
478
310
181
175
860
775
91
797
321
313
742
342
76
907
306
813
477
987
431
697
662
370
530
531
798
630
507
570
844
354
858
850
826
953
705
898
910
33
664
294
993
972
795
684
971
774
385
248
564
714
343
273
46
449
630
40
755
871
225
619
500
482
934
527
693
50
390
219
194
486
450
753
637
18
844
317
548
108
54
457
634
170
2
238
32
265
300
366
875
600
81
439
253
455
124
193
512
234
375
384
461
993
171
986
381
852
339
369
688
750
893
731
385
959
652
719
719
45
111
591
539
385
162
383
604
663
53
975
993
14
406
63
655
160
842
526
255
203
456
273
439
93
521
167
373
98
379
894
440
568
649
395
417
299
802
906
169
4
318
755
926
703
751
21
969
503
636
370
751
727
229
101
462
152
454
663
684
875
973
73
387
480
131
728
611
923
828
620
354
938
286
261
352
569
965
972
63
793
371
584
516
59
163
436
47
470
351
942
759
151
160
983
130
450
944
516
684
651
269
805
463
785
686
459
51
530
773
501
539
731
612
755
621
849
414
220
99
459
823
960
27
258
390
90
748
173
2
814
802
468
989
83
937
12
13
774
724
455
975
216
183
664
324
539
112
134
270
341
370
870
313
566
288
186
349
117
446
484
147
822
633
990
675
238
601
636
773
735
601
159
923
922
93
947
23
241
593
473
391
730
216
737
10
465
311
678
815
756
425
960
597
233
155
107
126
999
780
769
582
989
458
15
409
321
176
227
476
598
206
394
99
351
357
848
51
248
636
419
24
486
85
413
712
171
92
193
107
89
99
372
824
792
112
748
410
759
869
524
980
745
823
83
568
565
967
145
507
425
873
55
68
592
592
228
612
197
678
612
28
549
634
899
426
883
881
2
628
99
84
914
596
534
219
739
354
811
382
64
823
189
908
733
721
740
28
195
494
114
468
351
705
307
282
233
42
695
597
697
898
338
827
962
704
464
828
721
416
147
286
323
76
767
320
104
289
475
264
955
278
921
776
291
991
72
955
584
659
452
34
155
487
579
709
172
260
840
577
704
111
476
638
309
145
939
569
601
343
703
844
867
382
440
172
285
262
912
697
812
622
141
542
962
394
474
548
530
301
666
115
572
570
177
79
647
600
80
818
647
921
193
888
889
988
288
61
523
761
52
521
551
766
989
105
270
950
54
967
732
432
739
314
157
965
779
376
636
94
341
611
165
447
239
730
977
851
512
682
481
644
765
692
827
533
535
391
26
498
170
809
374
103
93
45
275
727
644
523
636
121
998
400
437
534
911
286
930
827
744
270
330
748
85
672
719
916
990
331
449
928
532
198
409
840
327
679
216
357
766
328
424
742
309
342
495
697
639
176
225
55
910
476
951
260
793
963
110
3
233
299
788
287
692
605
478
514
847
800
413
700
783
8
868
97
967
239
233
140
794
757
1
393
701
902
573
501
793
247
522
851
271
446
523
784
786
258
984
945
585
705
834
960
348
196
146
914
431
63
733
655
674
390
123
733
802
952
817
387
552
844
141
562
552
437
818
2
594
662
862
643
244
75
786
683
830
78
350
271
243
964
860
791
949
415
574
792
763
993
289
453
45
951
189
835
220
174
238
473
507
95
18
892
104
84
433
256
191
326
104
943
108
99
845
655
986
989
628
653
15
12
281
56
424
886
550
724
606
817
38
718
95
622
318
19
330
888
581
849
698
51
608
433
391
582
202
934
912
930
798
388
80
696
109
103
203
672
248
860
460
802
965
475
863
859
931
390
413
673
838
887
787
175
762
277
228
888
300
826
667
302
44
968
213
642
781
785
407
475
446
136
741
327
950
264
219
998
573
467
742
779
135
685
458
113
525
356
753
831
329
204
816
994
223
955
510
973
554
282
596
859
358
53
538
759
989
381
156
632
719
803
432
425
699
367
794
397
948
932
218
117
451
52
340
784
267
568
556
866
123
697
494
49
740
810
904
707
850
111
611
240
713
454
340
69
355
796
350
673
412
361
908
606
582
747
393
475
144
58
374
732
274
164
41
943
26
930
136
699
381
291
292
165
551
324
516
915
66
870
377
336
778
347
447
483
374
546
543
200
676
228
717
388
951
487
555
810
69
419
158
118
372
239
137
639
711
346
618
478
147
415
468
675
205
334
953
587
477
450
783
189
824
673
87
510
939
413
339
377
658
50
464
523
869
578
628
736
989
151
557
888
644
542
853
402
648
582
309
56
647
194
366
946
773
157
33
379
113
490
504
621
177
322
378
921
674
419
495
618
520
980
932
416
90
522
383
400
968
206
173
536
698
563
88
441
618
332
330
702
369
758
840
908
516
311
995
909
630
975
639
941
525
998
503
709
611
557
362
60
651
344
715
551
592
72
105
771
382
687
482
653
899
716
145
604
999
960
782
37
451
999
56
105
461
688
401
605
784
667
219
317
773
36
246
628
165
574
422
788
360
237
621
272
529
362
661
119
289
976
175
145
981
278
409
18
30
152
261
780
469
991
421
831
941
533
879
59
133
694
948
237
961
495
495
152
48
347
779
533
772
930
335
738
914
72
863
167
214
316
91
351
222
794
615
954
233
545
510
277
545
90
628
622
727
766
69
458
439
364
617
459
557
565
232
499
129
273
130
238
184
838
788
286
980
378
334
846
801
944
953
483
5
370
691
439
997
31
313
393
989
837
960
691
156
63
182
24
510
917
444
789
476
333
103
747
524
614
498
715
201
317
639
528
560
429
299
567
626
53
798
127
366
640
318
212
49
318
620
450
847
294
987
73
119
654
427
69
658
916
435
51
416
88
546
420
804
99
143
17
726
508
927
996
286
210
121
882
504
549
168
316
164
563
858
495
25
64
743
559
177
684
775
204
669
708
390
58
365
701
781
579
413
18
926
364
743
674
331
746
582
215
812
160
177
457
98
100
803
267
80
868
779
585
370
350
404
388
377
310
13
42
337
300
444
133
184
735
237
323
763
480
544
381
550
77
744
354
743
950
853
732
928
705
967
723
115
635
302
540
702
256
628
59
182
581
35
396
397
386
475
95
622
897
598
593
300
755
809
156
306
934
42
766
87
672
872
412
94
227
133
972
386
43
435
508
672
247
549
576
675
47
932
20
567
778
744
118
151
202
772
28
564
904
135
743
314
272
738
307
78
369
287
924
914
448
274
428
396
416
683
31
56
588
837
347
314
819
797
775
555
450
124
257
345
260
436
121
32
610
700
747
870
653
448
999
151
49
450
704
468
547
613
121
222
444
925
444
487
145
339
833
676
179
85
183
416
994
40
210
398
260
913
402
90
266
691
292
331
265
263
423
880
593
262
382
383
240
263
897
74
43
149
55
157
889
34
421
453
21
451
878
671
885
721
403
801
715
20
85
221
811
692
183
644
331
634
743
281
580
900
664
50
129
568
756
670
803
251
788
781
230
711
182
472
420
521
949
670
850
168
198
870
981
704
7
465
470
447
190
209
893
640
818
975
49
747
28
692
404
17
412
290
721
934
382
559
399
299
766
209
739
687
50
209
982
674
379
357
266
369
224
706
40
501
421
472
232
354
560
60
813
602
266
348
51
147
288
453
532
337
677
77
669
511
206
894
647
600
485
586
664
549
477
662
751
993
494
520
825
551
691
719
669
423
284
369
24
238
777
968
889
164
798
547
327
503
799
764
586
518
350
825
117
425
594
369
779
165
240
149
182
65
80
761
271
40
235
469
851
798
121
62
440
20
412
504
876
329
287
122
400
660
625
470
181
450
517
165
785
634
129
882
184
882
651
217
78
977
265
196
611
119
212
237
863
634
487
900
304
706
770
219
3
961
390
172
436
636
672
899
770
704
96
388
256
276
128
553
683
456
821
88
371
762
47
131
21
250
209
299
889
736
459
917
522
702
56
292
747
51
981
840
29
148
719
162
410
987
686
670
586
968
25
927
273
508
679
561
846
592
759
59
889
103
277
593
605
225
884
253
852
856
797
218
152
368
523
618
889
7
822
625
696
358
773
294
356
522
904
730
455
43
437
204
367
383
821
536
94
607
483
503
778
245
405
747
434
146
371
52
80
984
767
799
314
161
171
150
153
146
486
103
302
608
548
393
178
703
70
681
290
188
426
963
399
441
737
205
915
212
759
8
117
632
993
225
828
503
965
734
190
864
641
726
949
115
298
446
213
148
541
749
146
798
707
128
855
937
33
574
610
968
785
707
297
192
977
519
544
28
305
226
278
912
433
46
34
698
850
529
585
873
518
203
643
272
580
777
994
104
201
149
584
708
262
763
198
720
190
783
741
888
504
130
532
537
823
809
237
957
909
847
793
215
630
193
992
264
755
251
425
782
809
561
486
328
772
548
815
868
756
25
131
392
912
607
393
130
541
52
363
845
118
135
985
140
599
129
816
97
217
130
984
83
294
865
789
713
677
552
316
900
227
16
61
866
708
205
123
684
403
853
984
73
511
9
139
277
973
849
176
436
593
109
319
662
749
628
973
926
79
295
168
150
960
242
913
116
230
85
502
974
117
697
426
633
574
637
809
111
638
548
601
201
552
922
920
346
19
574
530
224
346
65
122
935
627
252
366
49
31
236
448
670
870
923
155
488
230
917
354
351
176
160
72
909
499
190
101
665
939
298
200
34
498
630
249
735
544
339
4
536
876
957
516
343
104
392
783
547
471
711
376
721
855
85
86
985
175
716
866
246
305
257
869
460
834
93
344
431
45
118
336
876
553
497
186
648
841
634
100
297
491
1000
471
185
15
378
656
556
895
867
314
291
691
213
754
897
619
26
174
805
971
745
895
824
721
308
498
503
118
19
950
650
21
470
495
929
468
864
740
112
667
447
813
229
47
921
512
833
323
118
577
820
472
531
99
169
83
208
519
222
86
286
766
935
180
502
309
927
586
258
47
932
743
97
824
935
422
250
222
309
816
683
191
291
5
138
532
872
236
405
145
888
697
530
936
681
957
814
562
577
419
258
257
243
344
301
907
319
335
814
799
93
384
672
94
566
352
470
6
639
249
16
256
439
803
931
69
714
140
984
546
171
131
325
628
576
643
271
990
495
76
175
494
364
346
184
232
264
743
304
840
242
472
193
707
612
121
610
517
100
825
754
148
965
195
593
660
102
9
249
686
758
18
748
744
311
131
109
968
262
799
691
422
633
143
237
560
136
418
320
704
901
793
299
276
750
111
520
598
320
653
45
475
889
618
201
797
927
748
610
440
690
319
747
506
22
127
103
24
936
