308
2
267
754
207
433
27
942
348
509
907
238
93
572
691
948
353
964
915
137
891
650
324
803
620
871
455
740
178
889
718
862
687
827
534
847
290
314
104
685
265
287
379
868
350
539
831
228
58
815
153
374
328
209
786
981
860
914
153
40
88
837
122
293
575
719
781
30
727
179
181
779
31
863
229
947
700
725
108
52
39
461
185
303
885
514
785
447
769
461
43
218
545
568
220
417
64
334
669
339
413
296
84
871
442
711
534
923
44
227
678
806
103
795
12
906
385
907
466
40
453
879
205
573
492
494
278
511
81
919
724
743
530
772
623
1
414
958
616
876
340
529
57
105
621
245
831
205
252
573
384
354
185
289
888
824
29
778
908
348
550
959
84
333
736
423
84
765
18
139
563
948
268
628
451
282
470
380
132
793
715
394
310
48
152
745
929
277
998
8
654
838
425
932
452
632
585
744
546
511
20
798
587
129
159
262
773
83
393
955
792
320
235
424
805
408
10
469
177
40
248
835
948
238
792
318
140
852
86
495
397
657
954
281
883
627
393
397
203
76
8
267
543
447
565
186
564
83
371
189
862
228
232
140
79
318
770
387
412
759
532
852
342
219
890
156
815
389
24
105
314
62
707
779
320
854
500
235
141
485
721
549
136
292
157
344
215
666
346
210
284
963
717
360
639
485
620
565
927
416
812
274
836
538
647
23
55
128
261
902
164
207
916
139
774
990
314
649
364
269
738
716
656
936
762
55
997
521
698
837
413
785
618
725
546
610
44
573
284
893
973
120
407
350
195
117
330
425
53
417
395
652
308
859
465
17
58
993
267
885
636
50
300
176
785
385
760
866
2
916
498
56
827
749
434
628
909
152
197
64
252
689
894
454
860
618
127
50
247
184
880
614
883
6
836
385
543
941
662
106
403
206
835
739
371
745
698
328
187
111
165
313
767
201
139
109
26
628
579
336
912
290
183
468
678
36
364
534
90
988
646
530
461
432
412
193
307
440
766
756
805
542
289
937
267
86
886
523
28
793
803
753
743
244
336
983
107
884
3
125
933
542
751
91
98
696
263
282
553
701
848
92
476
766
399
339
770
828
417
923
690
814
105
539
696
685
807
727
44
950
690
688
810
805
174
767
801
200
199
389
163
359
22
145
482
675
276
662
360
260
927
956
298
453
247
407
359
980
815
736
649
565
888
296
191
971
225
913
414
466
164
549
984
908
843
225
10
519
80
601
426
463
287
504
831
210
702
145
547
111
332
167
542
257
65
1
248
654
329
74
780
443
938
70
607
979
794
785
17
771
44
475
451
145
72
939
376
88
942
74
720
838
86
165
295
924
299
170
191
944
612
331
565
195
524
978
426
303
237
956
409
661
355
171
895
936
158
49
706
437
453
183
986
899
886
910
574
151
549
520
538
636
86
211
857
882
654
340
11
391
510
627
360
862
942
325
499
72
62
534
792
230
909
773
784
995
901
988
554
582
159
972
794
990
748
779
19
544
71
422
997
75
920
756
429
819
245
412
858
585
86
980
96
206
378
254
231
564
59
437
872
163
541
804
45
420
251
78
92
698
333
836
669
519
227
528
708
383
25
380
988
917
234
560
986
856
981
112
369
597
474
742
835
197
969
115
755
523
846
742
771
371
805
500
573
849
901
264
598
345
599
1000
820
86
52
852
534
339
704
37
759
50
159
319
576
73
718
257
924
860
594
862
160
943
163
358
698
330
509
200
558
173
731
586
810
219
751
760
919
675
104
879
996
773
530
537
764
453
701
997
914
221
400
624
177
860
987
76
217
513
488
570
717
970
50
323
704
158
37
152
980
704
95
97
929
933
766
573
552
689
658
306
875
524
525
716
55
700
395
565
180
122
142
741
767
208
979
395
166
287
464
204
376
258
623
888
300
210
407
249
791
488
559
250
88
661
978
158
292
916
862
30
727
575
313
217
875
732
251
216
312
126
264
575
329
674
945
795
862
23
817
456
67
469
552
19
136
897
825
9
555
402
798
721
424
357
273
209
104
858
281
284
240
702
927
835
188
241
918
819
840
80
578
677
886
578
364
849
626
16
434
996
482
911
965
437
924
588
507
857
221
555
201
423
207
737
807
95
927
956
974
791
360
922
517
913
853
565
410
382
784
559
559
347
429
119
512
370
765
87
261
729
741
174
892
522
919
599
488
433
992
66
985
277
262
206
426
223
309
625
621
175
908
590
297
700
319
92
203
527
908
563
810
484
62
104
767
930
779
675
511
294
282
417
674
68
488
772
204
403
535
349
145
607
436
671
816
307
169
288
693
151
407
956
444
265
664
187
502
558
509
526
536
44
626
26
162
312
750
173
711
858
687
831
26
947
257
602
593
758
801
647
856
250
244
362
638
779
216
107
122
681
607
639
47
224
966
827
27
999
385
603
209
918
909
951
908
742
712
703
476
678
485
475
964
12
684
378
638
207
751
890
800
588
399
123
386
555
532
294
723
590
602
802
546
775
300
515
117
770
108
780
566
951
810
775
290
732
14
215
707
984
725
407
638
839
653
426
251
319
522
68
775
413
197
715
638
765
672
277
922
719
387
227
538
258
294
783
420
215
301
318
682
700
599
400
889
160
406
279
759
94
210
334
753
526
217
287
946
752
851
652
444
28
305
946
976
790
907
781
255
606
437
646
768
365
557
349
604
528
707
24
545
540
362
428
712
871
692
704
510
92
168
344
325
509
432
448
137
810
866
259
731
536
41
754
108
833
699
140
336
110
603
342
386
762
39
570
523
639
665
904
446
73
908
471
650
238
841
504
941
582
765
496
56
77
783
981
905
211
42
113
790
228
622
870
175
849
332
481
170
577
219
451
598
716
925
261
160
40
591
212
675
149
57
542
830
120
633
201
456
269
582
75
908
373
640
839
47
877
357
118
320
584
39
822
130
557
387
447
47
100
937
113
404
165
987
503
666
557
215
374
778
363
163
115
869
645
400
330
229
614
466
963
529
546
837
278
612
762
90
54
241
115
253
716
456
761
78
403
273
811
887
193
340
301
42
334
941
366
373
395
588
323
370
909
300
676
281
963
24
368
994
435
230
520
185
153
859
488
16
551
363
18
843
598
102
921
763
199
986
691
637
541
426
714
379
942
373
252
838
504
672
98
852
455
929
507
229
27
641
923
916
161
527
574
551
239
308
911
27
683
39
596
437
569
17
868
519
83
549
23
508
677
196
625
230
147
171
962
345
932
486
901
298
868
488
728
670
349
185
955
631
105
499
840
864
186
801
569
381
570
696
933
54
640
132
815
362
476
196
889
929
695
217
749
69
891
207
93
620
147
474
618
390
686
888
929
403
748
816
804
39
1
623
156
985
935
366
699
533
506
71
132
810
252
433
238
528
315
298
339
462
450
369
989
637
841
484
208
529
853
954
149
2
417
40
213
311
220
596
428
11
9
777
442
61
341
145
251
457
106
766
13
365
172
452
958
374
605
486
474
255
168
89
603
301
160
334
996
96
613
205
608
543
529
258
288
426
912
958
416
517
416
36
669
980
401
841
137
611
768
727
994
766
629
87
440
36
542
817
333
414
58
841
213
933
687
346
159
632
698
555
302
427
156
780
603
117
755
540
172
938
978
365
443
773
298
509
224
150
940
343
304
118
718
672
845
181
267
366
335
659
294
801
264
617
134
871
922
894
343
533
639
937
959
912
417
209
646
163
404
33
43
695
4
559
961
496
528
792
36
422
829
753
104
466
480
628
917
561
237
716
618
509
172
477
543
286
665
469
975
290
462
196
153
264
405
319
283
578
953
498
713
485
734
570
996
620
482
487
389
761
136
290
210
992
695
700
912
807
86
275
797
135
863
256
524
386
219
53
613
926
870
963
521
551
755
490
48
995
652
152
861
152
424
490
694
612
951
483
225
98
847
616
449
545
848
342
215
831
362
58
660
31
321
928
290
294
880
174
146
385
124
321
944
158
808
34
410
380
736
585
194
996
650
459
496
579
180
544
96
805
288
29
559
31
888
696
541
267
520
939
76
817
724
308
191
233
660
535
353
550
188
924
637
500
114
730
376
376
722
510
519
53
93
264
398
477
593
643
841
751
286
452
323
251
904
461
73
964
588
52
307
767
162
108
958
19
179
354
847
367
892
520
187
553
706
224
298
151
410
853
17
164
514
506
969
378
549
545
205
306
890
236
781
47
596
501
802
957
667
673
364
974
318
216
660
631
53
401
957
462
102
67
468
486
991
442
224
848
164
117
682
609
785
836
404
364
200
663
7
268
843
215
969
530
977
162
790
541
638
224
275
25
933
490
8
977
604
316
708
606
275
279
627
373
261
763
538
705
66
151
206
171
309
619
766
513
245
287
198
662
53
217
474
906
592
407
263
814
968
420
770
94
928
439
892
153
459
965
592
558
330
5
672
50
414
277
795
387
781
501
377
885
602
450
720
247
56
822
924
786
833
847
891
13
769
436
742
869
361
862
694
180
206
462
432
806
370
570
320
543
955
232
727
170
46
906
867
364
348
93
566
787
801
111
160
247
586
30
531
759
45
134
319
414
156
860
710
294
98
33
77
90
956
70
869
803
155
159
852
953
434
684
54
712
754
805
722
673
740
936
732
425
90
328
712
957
360
818
328
234
283
721
568
150
337
662
331
139
945
623
722
132
749
393
259
909
811
57
179
561
238
137
887
526
450
802
926
581
156
857
624
232
171
374
314
277
248
352
526
285
155
869
440
253
329
184
378
436
533
229
992
267
624
710
125
805
610
973
779
949
346
895
397
972
799
23
208
780
684
446
571
331
408
526
641
824
569
134
197
307
780
65
736
152
5
409
853
890
197
327
721
229
20
358
585
314
531
279
971
198
698
855
662
46
661
913
214
39
145
488
598
183
705
275
94
900
111
382
299
78
824
770
191
661
295
776
530
109
394
350
727
200
878
359
464
676
48
131
56
992
732
497
236
752
925
379
890
127
758
528
871
711
812
273
546
250
75
513
263
540
330
124
905
681
966
810
21
620
998
274
746
173
475
256
631
355
405
770
723
115
35
69
743
358
217
473
34
922
577
122
939
520
541
608
765
730
812
518
961
290
98
985
82
112
863
285
727
16
255
332
101
380
970
942
863
612
492
347
881
20
563
68
909
31
339
926
532
384
318
932
733
621
730
704
987
635
606
640
912
411
479
502
162
479
755
284
741
670
742
710
878
814
492
986
882
500
286
462
158
67
651
45
750
263
628
272
690
160
870
519
825
777
606
883
263
660
805
989
59
562
128
12
181
672
323
477
166
387
685
215
780
565
908
240
140
208
699
915
531
698
218
369
667
174
611
472
373
963
322
915
198
621
209
92
40
205
222
432
659
714
33
513
105
107
731
791
463
63
467
652
176
179
63
958
776
562
437
633
350
347
95
132
56
630
817
370
193
680
119
969
92
626
427
791
391
369
436
242
914
424
123
139
347
470
535
545
895
680
669
84
521
748
54
950
848
667
44
89
469
545
724
524
407
104
1000
721
319
7
455
274
150
802
920
35
845
729
89
227
357
259
902
547
552
134
253
436
861
360
745
183
158
143
318
969
457
386
190
455
588
401
563
25
452
355
254
688
657
833
882
591
923
375
44
610
463
285
321
939
264
742
842
484
24
62
223
332
664
286
948
416
391
440
446
828
527
364
984
833
355
63
979
586
39
156
845
705
72
655
964
630
468
102
13
54
149
7
283
789
503
118
885
740
53
659
419
318
419
248
117
277
976
790
671
989
705
955
396
992
937
265
71
846
932
917
612
78
462
370
480
549
19
489
876
687
534
850
725
595
500
812
962
542
429
127
743
83
475
869
884
482
523
836
339
785
550
887
246
487
244
617
731
593
607
938
105
585
646
858
560
114
455
998
55
640
731
498
22
884
366
816
346
211
211
780
561
921
675
464
454
148
444
455
23
419
165
296
525
984
869
730
957
869
501
122
465
68
253
492
612
476
794
838
459
941
377
249
830
709
237
621
124
307
970
271
22
882
239
378
952
116
294
277
270
372
966
469
121
356
958
773
32
410
257
724
785
451
695
685
23
200
875
816
725
332
180
217
111
671
137
931
649
406
825
895
785
714
914
307
463
103
718
258
695
878
983
408
627
443
498
644
425
618
705
575
563
1000
220
675
481
306
698
919
75
528
114
863
615
718
306
709
4
205
143
703
889
278
57
880
424
400
442
342
220
160
771
209
134
634
59
91
640
828
38
649
953
170
279
822
638
647
991
719
271
290
31
484
967
79
47
627
552
60
362
74
227
262
554
374
421
612
260
360
457
813
227
523
499
630
433
892
787
423
565
215
161
201
406
139
69
33
905
828
124
400
241
486
161
799
712
164
718
691
13
464
51
781
574
894
642
402
941
728
232
78
563
246
496
44
224
4
106
405
627
450
80
961
47
170
923
494
308
302
813
240
62
414
772
277
84
959
136
800
593
412
501
583
362
870
888
346
912
898
899
94
2
272
62
175
809
320
549
707
546
714
452
110
528
785
275
397
998
254
692
346
273
388
225
357
58
729
542
265
4
648
458
329
568
201
65
888
341
814
838
239
917
603
244
859
621
769
686
942
602
872
169
361
484
32
626
915
790
790
10
286
35
119
893
665
712
423
699
747
213
702
279
650
554
397
337
991
567
855
871
898
517
883
516
398
108
334
582
308
569
368
903
451
124
47
856
222
582
35
826
126
999
116
272
264
255
768
717
11
824
952
138
679
263
382
544
949
96
379
345
786
484
403
298
890
62
62
465
562
712
789
944
535
53
260
290
450
350
573
316
829
186
121
205
199
366
851
196
734
363
617
820
318
894
833
546
142
70
821
345
127
344
235
814
887
383
94
636
849
515
405
700
919
542
484
695
535
790
655
889
220
430
621
325
912
344
813
150
582
101
599
944
161
644
574
230
619
483
89
129
109
154
586
724
411
110
820
534
610
933
453
582
142
677
649
341
272
981
492
677
44
95
1
83
802
719
245
440
699
912
575
548
38
545
723
87
614
729
853
166
676
622
2
586
345
58
663
378
840
133
569
195
354
279
918
733
292
704
905
591
664
579
358
852
135
125
905
916
413
328
745
518
196
422
484
7
534
790
524
767
690
735
784
228
772
458
193
354
250
676
306
503
234
784
966
755
564
171
82
835
163
323
796
236
918
219
83
496
716
634
537
569
234
230
684
751
790
237
801
919
775
469
594
867
291
516
879
635
681
682
377
153
99
238
393
543
362
264
298
360
181
258
328
794
904
628
499
531
440
963
377
429
619
301
410
271
533
509
489
79
808
123
605
263
984
42
34
366
96
753
929
827
454
901
411
67
512
478
911
706
768
544
345
8
494
983
207
145
778
601
300
33
386
901
602
433
447
714
297
99
847
27
190
464
1
432
164
240
151
625
185
137
213
376
880
197
879
396
402
686
443
25
303
758
341
441
563
609
137
671
122
414
912
517
423
957
25
939
934
355
822
286
147
925
692
943
120
722
984
640
437
590
601
118
653
42
450
374
432
261
690
999
365
940
812
64
812
372
232
265
966
551
42
468
728
858
973
16
751
883
181
353
223
732
246
486
61
362
987
480
492
909
3
110
558
546
889
81
781
105
983
558
654
929
314
302
737
880
426
379
947
321
961
661
620
204
650
795
661
135
331
323
305
331
988
537
229
358
670
822
665
462
528
754
565
608
548
379
369
243
11
66
869
227
501
428
76
919
915
266
138
476
114
311
954
341
791
862
172
281
112
94
521
235
94
916
437
358
629
818
70
81
519
262
765
876
112
443
456
767
649
771
916
181
253
370
203
901
661
244
630
450
594
510
582
519
375
779
765
966
876
303
11
508
158
889
659
103
143
56
128
56
846
625
716
853
832
469
845
254
764
661
734
438
137
730
749
462
644
781
292
315
991
625
119
283
438
497
212
519
621
797
745
487
618
985
987
901
733
923
146
484
106
684
219
744
692
91
535
219
695
559
499
884
974
106
738
161
669
691
720
554
341
15
272
647
65
693
443
133
59
36
118
626
436
212
567
731
480
929
973
607
583
993
132
376
571
328
144
813
921
750
15
961
48
785
620
827
717
367
878
235
146
623
862
69
4
639
923
487
634
290
865
410
183
101
349
510
461
476
394
161
917
384
91
848
461
957
444
353
151
529
149
824
834
575
364
282
643
929
36
392
424
374
418
715
555
75
543
648
48
461
79
828
432
632
441
464
176
441
848
549
811
863
404
362
917
400
292
838
741
135
265
208
426
992
881
661
323
630
138
986
180
114
520
901
267
201
916
684
489
297
710
186
419
169
31
683
62
210
75
401
186
77
690
669
848
952
811
500
945
826
863
368
739
357
496
381
360
325
239
637
381
495
522
132
696
202
597
420
18
671
909
182
570
181
369
635
600
346
442
534
131
254
285
830
343
986
929
274
594
316
48
220
552
982
4
762
147
30
820
727
852
996
112
421
125
918
2
719
896
363
259
722
632
476
812
770
600
714
273
226
287
782
499
251
33
522
430
187
29
440
221
997
14
571
861
479
727
539
21
935
880
151
475
433
882
592
707
228
139
32
774
794
656
110
938
326
136
72
821
207
429
660
462
202
532
1
7
216
497
639
94
215
697
948
28
745
849
963
516
618
363
423
27
820
656
282
782
206
406
394
480
533
881
85
32
686
217
137
32
567
739
756
399
62
416
955
716
276
114
663
918
662
722
315
320
99
357
558
880
635
904
969
854
824
44
341
249
712
466
193
107
883
117
358
979
925
309
295
893
5
839
621
604
976
538
277
104
97
436
684
52
451
906
953
59
2
980
425
342
511
175
177
933
655
413
343
643
819
465
463
766
100
544
155
647
806
28
142
641
652
60
455
555
107
808
417
439
815
650
166
327
433
527
748
985
754
96
441
128
894
267
522
459
773
643
454
179
265
90
452
466
70
549
23
295
376
897
735
960
94
649
461
961
540
521
283
766
786
56
77
492
916
572
60
846
531
261
137
287
197
65
892
770
465
450
333
115
288
705
231
454
265
504
403
362
203
196
181
269
974
320
781
666
56
82
233
364
861
329
999
893
412
610
144
568
87
548
553
701
917
195
112
548
915
160
743
460
739
312
563
659
627
793
527
602
268
248
365
234
62
648
274
32
580
533
958
306
961
956
83
322
583
95
864
782
239
985
813
3
689
630
71
974
173
232
436
662
909
488
6
359
586
977
332
483
773
933
174
756
51
717
847
228
348
230
936
945
221
154
718
107
806
923
566
777
957
203
745
637
740
153
815
644
779
835
561
61
394
8
952
511
604
19
447
198
445
641
878
53
365
22
332
725
538
16
384
415
953
107
628
707
884
210
125
168
612
95
710
166
66
545
13
837
971
564
790
736
725
633
610
362
954
341
16
432
313
499
876
110
737
410
399
678
121
392
849
163
217
692
189
114
19
584
200
400
326
536
642
999
24
511
172
905
848
946
267
36
252
212
130
864
37
613
27
514
121
249
6
203
619
698
653
688
936
372
119
73
656
49
905
222
966
524
705
541
836
242
162
370
540
67
812
44
894
376
937
6
245
125
176
246
553
999
974
991
851
503
868
642
322
327
876
276
753
763
438
711
267
387
516
623
24
348
457
761
690
345
474
315
814
67
596
101
571
916
13
588
793
706
368
530
385
892
793
383
37
109
293
369
708
30
399
351
235
421
311
541
393
763
1
620
516
33
326
130
557
85
327
60
584
909
196
419
556
746
151
512
843
904
886
396
393
664
673
979
232
337
148
530
540
810
315
319
430
916
543
563
185
197
451
121
20
884
465
868
953
444
924
212
48
291
898
137
657
800
158
474
368
581
274
290
184
438
711
855
688
60
382
748
881
678
792
219
150
69
665
934
24
502
352
890
891
693
503
359
929
536
209
510
683
979
655
538
26
318
839
416
786
694
957
800
963
339
94
884
550
99
257
860
726
821
854
784
658
642
692
266
563
617
8
259
5
585
915
323
462
720
273
29
246
621
106
664
998
290
246
477
995
539
79
780
503
144
257
795
448
779
3
775
85
99
31
192
17
181
833
394
689
997
302
374
394
66
501
922
280
896
84
314
630
306
688
727
8
688
263
906
271
119
53
131
152
261
544
121
446
366
928
26
218
554
549
695
405
473
345
677
954
176
867
886
45
678
309
809
460
564
262
402
128
269
565
852
42
456
693
435
757
429
369
550
549
580
980
119
530
496
306
759
973
987
120
487
318
211
294
605
145
34
793
181
169
123
577
289
169
53
422
567
477
815
396
120
906
318
681
143
434
261
132
160
998
860
614
300
462
596
168
506
910
611
830
909
379
773
237
461
989
348
540
877
853
827
590
962
961
176
419
767
676
986
198
43
419
306
124
640
114
63
719
244
455
838
175
976
387
951
199
13
146
615
117
487
493
986
481
978
901
170
989
137
440
933
324
61
457
422
698
670
730
285
614
535
496
389
625
195
798
497
833
513
376
638
789
791
133
289
618
635
982
743
62
874
969
857
640
983
829
762
770
530
967
299
735
548
706
538
126
508
264
70
997
712
311
362
794
773
18
906
675
197
216
129
732
466
205
419
199
302
94
460
654
259
72
242
352
405
912
731
991
716
50
844
952
972
171
665
793
142
76
320
328
233
538
916
31
791
320
367
150
418
264
464
863
264
360
435
384
176
471
447
565
621
443
981
637
666
709
42
451
408
150
892
400
345
665
949
596
724
101
936
16
340
512
502
131
89
1
147
160
927
156
880
129
522
595
616
58
274
432
41
129
123
603
382
896
761
916
25
752
210
901
438
446
909
519
954
262
565
62
308
928
816
636
594
112
747
118
71
211
83
885
110
94
301
16
439
482
694
406
90
2
818
448
510
454
191
629
867
749
468
945
568
260
786
756
751
64
176
637
580
570
579
745
686
53
641
250
824
23
783
864
910
99
112
616
997
444
842
385
288
131
10
600
398
406
812
285
175
765
825
40
127
144
736
665
751
964
120
509
145
430
684
498
771
64
632
400
393
106
215
934
855
661
241
887
829
94
907
626
933
977
631
466
977
287
388
587
963
110
511
765
814
359
679
642
870
78
659
945
264
649
718
38
814
38
804
247
265
90
465
988
179
301
313
979
683
64
461
879
309
598
434
795
688
213
333
666
845
908
731
812
361
487
24
764
634
66
862
818
854
76
701
186
465
748
313
63
5
35
275
660
408
689
916
343
989
387
8
463
499
960
413
853
794
737
846
813
469
340
676
327
438
186
642
750
216
409
257
294
353
427
106
673
262
669
129
816
591
443
940
725
211
39
554
32
126
915
883
795
939
249
390
270
30
925
201
429
221
379
755
383
734
99
280
126
458
617
24
357
864
208
943
245
755
309
331
710
936
187
938
71
119
672
752
325
784
383
637
451
725
955
736
744
153
345
135
341
899
89
217
194
126
295
364
33
583
993
192
375
470
991
538
986
779
44
354
46
469
974
108
632
7
913
688
648
6
887
83
843
735
925
512
853
376
231
495
21
531
391
326
452
752
323
852
648
536
780
411
773
126
927
274
10
867
560
951
888
437
618
993
760
264
687
43
457
674
988
871
590
350
711
600
5
219
62
21
139
190
430
513
833
692
210
826
883
899
183
223
86
814
562
181
599
373
990
901
560
766
550
262
753
343
83
147
285
854
381
625
171
294
946
622
932
731
816
423
198
120
123
117
9
521
323
572
821
126
116
536
753
701
647
972
477
899
437
655
561
346
923
416
130
974
582
358
295
677
465
39
270
547
470
210
24
757
804
152
928
530
912
560
22
769
710
505
114
386
276
964
419
724
231
731
339
194
716
333
907
938
751
303
33
119
794
411
360
34
147
109
578
911
333
55
212
166
581
391
138
299
587
803
170
511
885
32
4
721
841
658
885
887
45
699
433
492
604
590
799
914
180
695
437
378
724
853
232
617
489
604
318
85
881
940
87
945
216
17
861
887
427
451
428
788
697
523
341
187
954
237
823
984
828
622
284
481
299
9
950
370
508
555
165
169
997
429
52
56
630
171
112
191
308
285
70
708
909
41
698
821
25
785
918
78
98
255
617
487
996
466
376
1
129
44
552
816
471
603
154
865
200
257
458
425
23
145
210
794
854
568
290
31
746
573
768
154
879
906
421
232
247
605
194
413
258
565
74
765
182
558
524
358
450
593
780
203
122
744
560
519
879
578
851
377
188
991
471
141
988
814
248
824
517
50
866
777
506
486
426
441
936
194
744
783
131
388
898
116
819
918
559
650
359
511
512
250
869
119
310
389
85
775
119
862
556
931
578
1000
143
922
151
226
569
606
705
291
97
124
557
528
226
795
505
549
105
429
268
394
481
261
988
109
59
59
341
688
629
112
348
106
723
562
964
752
718
985
424
782
635
679
253
93
422
201
729
626
294
76
56
763
789
13
700
962
522
102
94
479
229
800
100
226
1
401
118
982
322
494
977
728
166
737
339
237
805
152
169
14
886
796
54
825
96
547
528
400
278
452
824
35
373
126
934
40
260
133
686
342
212
852
224
590
522
520
94
666
278
691
757
629
705
372
951
435
131
325
721
258
786
943
835
547
519
81
88
577
81
658
96
828
587
255
350
62
437
636
73
758
520
635
329
515
743
280
745
211
596
36
413
245
608
183
867
443
235
242
549
339
42
344
600
736
700
518
824
697
575
864
291
145
28
116
238
818
143
427
422
21
552
695
306
234
136
441
36
201
637
213
96
85
825
506
654
619
882
386
163
682
96
175
804
434
241
57
379
604
340
330
490
579
142
726
688
465
993
664
244
616
317
529
579
364
923
740
773
459
684
652
463
487
455
199
484
990
988
845
379
966
191
502
765
60
244
788
667
627
826
78
676
601
731
773
942
314
182
821
940
863
735
225
27
345
811
815
508
349
199
986
804
814
25
266
826
311
253
75
880
622
724
745
779
58
243
248
800
871
252
640
824
901
989
541
62
305
443
478
2
994
445
593
139
338
993
597
659
983
735
345
586
297
121
726
384
135
577
696
798
943
67
434
977
173
210
764
639
192
648
811
381
558
824
800
500
428
320
944
870
755
574
531
430
467
536
690
472
523
225
448
231
873
575
709
766
583
257
9
889
97
628
644
644
75
70
222
175
652
67
625
20
923
150
481
699
993
296
785
391
19
879
118
257
277
708
117
605
959
111
121
833
721
851
484
713
222
61
253
838
232
731
31
177
745
267
292
226
510
976
61
286
375
263
530
764
912
203
543
906
102
390
175
150
851
90
922
444
837
288
377
659
49
478
865
35
889
753
484
345
64
267
227
627
873
250
545
728
579
312
425
855
847
134
605
989
183
612
800
828
975
204
974
526
153
503
617
688
63
277
528
822
398
510
403
633
855
71
705
834
488
944
463
705
730
466
16
935
757
407
311
243
750
698
111
641
607
273
701
46
900
269
518
799
105
327
539
696
868
47
692
188
917
803
291
111
191
242
638
416
11
99
465
166
85
252
792
213
677
556
632
663
831
950
705
997
541
341
697
14
257
412
206
85
10
278
320
942
80
346
847
579
636
53
430
191
64
840
538
65
964
446
64
78
540
204
416
376
481
594
769
400
584
365
783
978
61
109
125
162
743
673
979
864
756
997
706
772
292
476
310
711
356
608
180
41
458
46
146
107
882
226
338
85
383
780
245
498
628
358
508
793
266
888
625
804
188
601
221
821
513
416
356
739
241
187
73
445
758
558
751
577
276
86
903
577
330
939
452
732
44
334
16
200
592
382
736
92
396
208
167
448
844
173
719
574
654
62
370
94
494
915
281
506
992
669
487
666
689
995
307
29
726
130
430
185
121
597
478
739
826
145
177
449
255
530
481
842
158
609
261
937
647
25
71
51
389
65
823
513
442
34
881
793
236
309
382
806
418
977
198
113
226
243
339
432
597
70
601
630
994
141
497
373
846
520
195
435
886
280
665
917
429
659
850
990
867
647
549
123
157
507
470
771
623
281
497
374
19
662
337
775
861
600
541
858
614
111
885
719
458
95
416
389
824
465
658
347
73
660
760
896
526
820
262
658
428
58
790
872
905
15
597
818
815
250
227
125
166
527
357
882
732
988
316
800
380
232
265
739
910
294
30
584
443
450
867
837
417
976
616
824
550
713
619
384
272
546
881
547
260
232
979
207
272
905
590
740
854
850
416
609
456
764
987
867
170
984
256
98
822
353
482
305
375
155
510
142
721
179
767
860
832
354
708
287
253
858
993
190
192
989
573
781
855
822
610
922
581
457
898
416
627
408
520
202
520
663
632
244
699
140
250
137
496
420
264
494
124
670
670
184
180
576
283
3
884
942
153
603
655
705
332
580
670
903
232
481
688
86
546
310
705
261
952
916
645
545
634
902
284
303
289
680
284
103
809
624
173
215
693
555
292
689
165
954
775
610
44
579
54
34
362
799
431
53
235
548
357
689
168
102
980
350
995
703
313
115
573
860
270
459
28
958
166
754
344
218
931
604
778
984
445
180
606
685
538
300
471
560
678
140
24
442
539
348
841
967
87
342
616
139
72
154
221
115
88
157
273
196
1000
369
467
724
199
890
992
398
551
180
226
544
940
520
732
861
913
487
291
103
794
280
979
341
998
906
99
745
869
308
800
80
601
507
915
547
595
105
755
366
541
205
105
162
9
226
708
7
276
971
559
16
153
885
303
746
46
148
36
897
151
608
742
542
130
571
155
454
274
302
455
625
760
288
105
127
503
488
350
780
905
463
951
696
990
269
874
919
189
916
837
871
711
215
397
613
703
394
388
118
596
586
262
264
459
139
840
636
982
753
3
947
320
363
559
739
723
262
242
472
22
421
541
231
8
740
962
940
918
570
392
663
879
855
632
32
280
688
65
72
599
282
695
87
241
806
430
191
867
855
766
532
722
994
662
713
724
96
128
982
47
615
866
26
384
794
354
4
924
204
687
215
429
942
460
1
657
861
566
954
713
808
801
156
907
465
767
500
990
313
959
166
984
882
355
903
814
75
78
127
977
709
442
43
405
362
275
257
832
891
237
263
577
397
519
648
613
318
670
81
694
807
247
761
590
144
676
292
312
326
37
821
722
782
774
233
135
207
892
382
942
990
884
912
208
525
927
841
537
751
353
232
271
757
846
288
732
539
19
678
445
47
338
856
794
995
571
733
426
466
341
958
6
179
133
291
57
194
531
12
876
135
489
996
262
235
125
29
656
25
894
630
253
869
63
770
917
748
118
839
147
6
299
435
80
303
344
308
851
518
869
688
923
556
582
236
335
961
894
2
332
760
362
867
890
91
668
219
930
736
103
385
811
350
977
546
345
391
343
66
367
71
508
187
740
329
767
982
318
518
539
814
803
51
51
527
618
510
893
168
998
307
789
616
677
672
391
562
561
577
645
615
873
60
719
574
440
29
563
829
513
416
534
675
422
48
898
287
738
781
940
318
563
453
832
384
527
392
456
839
824
435
336
66
312
296
269
316
54
664
944
487
955
893
395
957
246
16
356
601
956
749
63
166
894
491
788
17
18
651
586
467
474
233
2
557
779
178
321
352
70
760
2
460
118
470
925
730
402
19
696
360
170
427
918
656
643
770
726
106
983
153
122
838
552
169
53
848
859
9
104
445
685
809
381
335
251
999
213
822
63
153
47
101
421
616
391
11
789
344
607
961
472
150
395
853
526
270
81
997
70
447
733
842
672
221
939
778
289
446
273
58
696
401
802
13
489
807
460
103
389
846
294
514
844
689
156
787
453
118
658
71
877
325
327
359
529
748
876
768
632
723
411
977
785
825
313
579
310
699
819
31
935
66
593
795
918
757
481
600
11
984
255
458
459
827
986
83
143
945
451
739
689
267
876
978
9
569
913
37
205
258
349
143
40
577
103
727
429
845
998
121
614
480
151
776
441
748
783
171
297
290
44
59
986
802
902
243
528
91
520
822
179
338
600
399
785
111
456
971
1
893
515
762
287
469
159
928
921
609
867
996
287
716
848
254
802
599
210
968
824
470
711
598
462
928
12
849
855
132
862
967
288
687
710
62
992
391
590
505
326
906
174
428
463
828
948
545
74
253
283
539
515
387
634
53
121
60
991
724
810
410
430
142
710
621
293
509
50
560
226
783
195
408
46
546
375
125
501
878
942
88
758
43
439
668
33
524
68
785
754
889
993
972
254
568
854
715
316
208
9
568
343
673
892
699
977
858
960
906
304
856
185
129
453
995
845
417
712
463
5
447
481
296
45
590
83
857
811
978
449
122
252
512
424
513
600
827
226
246
250
161
489
539
132
539
2
543
248
292
750
331
439
444
941
276
350
753
717
296
963
146
168
826
695
796
538
359
586
645
936
841
650
498
127
333
125
645
279
384
973
415
114
257
356
737
532
597
47
62
737
549
397
537
500
129
637
916
414
43
743
139
212
19
466
675
808
821
95
375
96
944
113
479
708
885
690
421
552
6
691
375
987
351
571
64
342
982
410
822
67
318
663
217
946
365
999
349
618
941
746
141
193
806
879
903
720
656
842
255
92
899
109
441
681
198
39
312
656
270
863
704
333
566
15
800
841
823
722
416
645
571
775
638
584
231
847
755
662
393
73
574
475
525
463
567
476
88
131
425
677
233
129
905
491
6
749
390
72
598
591
14
586
758
699
376
926
925
23
962
682
512
391
26
645
905
507
576
378
508
801
115
130
464
968
165
248
160
458
953
360
867
269
351
650
867
162
576
653
714
394
574
802
739
198
350
728
790
400
100
14
948
316
596
169
527
857
485
276
644
308
826
367
696
227
629
262
246
842
639
652
800
413
514
330
82
405
426
790
258
85
718
2
326
329
339
823
116
417
686
875
328
553
452
982
507
476
211
783
186
742
950
399
121
22
759
616
172
280
873
232
334
579
594
850
816
48
659
420
963
890
161
647
51
820
526
990
74
839
42
97
490
869
545
353
214
898
677
695
350
136
627
51
903
735
877
198
913
677
377
126
156
513
945
71
769
891
900
840
415
859
929
429
501
201
568
116
695
358
795
729
185
716
733
901
48
760
972
96
18
855
133
103
446
565
799
794
784
37
454
787
487
337
897
600
394
310
585
962
97
266
313
709
682
466
980
958
284
706
246
940
854
757
301
549
625
792
28
859
275
260
705
193
913
723
340
502
560
42
252
326
16
730
672
989
73
639
629
667
334
236
355
386
836
764
878
712
88
862
511
681
546
591
843
450
320
261
398
743
124
448
816
123
616
533
17
302
933
392
110
995
494
502
725
502
325
402
633
10
767
317
222
443
976
891
109
563
326
80
984
586
656
289
841
436
366
905
998
453
678
248
751
128
21
138
416
761
806
257
320
550
629
852
112
57
622
773
570
358
333
338
723
755
752
279
808
699
828
206
210
247
444
402
551
627
138
365
546
655
990
931
28
851
345
964
384
445
450
357
961
337
421
841
971
806
922
448
510
382
41
441
613
813
380
947
130
105
281
335
639
708
416
394
368
475
179
121
994
454
438
805
871
863
294
598
987
246
519
146
582
237
653
8
263
745
694
198
366
71
770
604
714
336
929
846
384
4
247
94
783
565
488
101
731
731
892
865
921
14
243
110
761
388
261
142
83
935
309
535
370
609
697
98
342
814
366
954
291
986
387
94
820
991
184
559
455
23
279
450
84
359
867
724
299
602
613
219
417
663
519
120
698
143
592
386
689
822
363
171
685
846
452
82
763
564
115
307
326
385
781
216
16
226
84
384
897
613
359
123
790
499
158
694
321
43
471
199
966
566
528
962
979
213
918
806
54
718
35
686
192
225
823
875
340
592
532
822
67
84
815
86
451
622
725
315
871
571
925
522
182
273
712
829
306
131
130
773
595
408
293
770
166
287
347
688
419
31
788
617
950
492
965
148
657
295
769
529
210
541
897
142
898
444
869
836
32
340
656
764
117
433
739
622
859
828
550
558
107
700
919
655
207
798
617
356
566
324
328
353
173
67
74
79
398
534
943
392
544
809
945
543
883
264
736
116
276
859
9
478
499
36
868
245
376
642
572
676
296
655
693
144
861
172
162
267
615
470
900
40
401
632
605
582
214
248
132
607
757
497
860
537
919
973
362
190
507
79
18
134
269
310
548
468
751
605
635
664
889
535
833
90
139
390
414
288
221
187
292
823
464
502
928
571
557
132
634
83
49
134
276
798
89
394
295
256
725
255
442
864
813
11
283
265
98
788
103
712
660
294
984
255
149
709
523
73
421
562
796
204
43
558
51
476
24
627
807
740
752
939
245
217
116
488
650
177
181
903
887
25
451
166
567
765
95
175
876
473
320
923
673
149
514
29
45
340
556
926
536
947
158
897
973
832
990
453
80
689
12
958
426
387
398
657
480
614
622
153
343
74
104
576
831
257
122
256
991
613
36
64
388
510
398
700
577
358
369
539
242
214
587
296
288
13
564
824
672
97
224
283
127
197
27
907
499
557
394
607
17
997
62
163
157
49
140
276
18
220
354
73
932
276
181
936
92
993
432
701
412
224
95
489
792
511
763
871
653
479
327
98
281
32
46
1
829
715
593
966
217
694
69
181
478
127
13
795
972
994
904
54
982
999
972
149
479
870
545
526
661
653
367
405
189
780
162
290
682
219
526
43
10
698
249
986
318
714
236
762
863
734
903
684
503
936
368
835
471
749
599
642
946
433
786
528
804
50
16
288
600
544
183
108
779
285
573
365
942
431
676
184
370
815
119
650
281
880
186
259
416
734
608
608
414
632
77
413
628
376
795
328
946
21
530
315
63
70
520
330
966
609
701
976
37
195
672
791
640
67
726
355
672
546
946
113
222
242
445
752
130
563
997
677
291
910
637
874
625
546
161
614
869
385
785
836
529
931
371
861
339
881
430
239
707
735
124
809
463
267
995
337
225
673
608
902
166
950
280
649
547
4
33
761
340
40
242
518
520
543
777
385
957
668
773
455
147
755
449
233
201
392
148
926
405
292
442
884
727
592
166
645
992
161
200
988
324
350
196
544
463
97
107
291
807
348
851
895
869
916
271
702
828
470
860
837
223
367
385
428
215
756
127
291
857
550
963
429
36
747
615
432
319
38
160
819
321
697
763
663
134
364
924
273
254
195
19
660
472
745
379
592
602
793
477
937
530
783
348
269
167
943
831
477
286
555
524
150
657
621
483
401
70
287
44
977
909
828
929
497
981
711
121
622
689
491
869
401
862
391
140
762
36
197
143
914
311
164
122
941
610
371
136
965
595
644
861
311
930
331
446
814
134
870
488
32
981
645
175
253
198
458
156
112
759
664
401
780
401
821
176
649
871
321
304
741
417
611
686
134
427
609
176
46
141
627
143
397
520
231
827
78
227
495
783
480
935
84
344
527
174
890
603
616
185
873
624
56
21
696
853
61
250
69
474
325
923
982
515
297
719
375
727
256
612
100
743
53
173
242
253
715
681
595
36
741
919
585
844
721
583
961
438
493
893
79
129
271
462
960
461
85
30
429
638
661
142
506
534
47
276
382
170
768
1000
423
818
947
619
289
860
138
221
799
788
462
989
322
686
930
51
381
907
880
148
367
427
332
517
880
979
270
153
644
889
810
282
194
364
697
612
586
252
38
71
295
304
877
325
435
418
786
304
596
430
925
990
192
230
246
766
115
132
772
735
601
391
200
804
742
466
581
1
644
99
417
512
200
882
866
57
933
324
784
727
735
920
66
854
629
663
17
777
391
269
191
526
359
904
30
990
505
786
193
777
9
642
872
163
107
298
84
895
999
177
598
847
110
79
345
155
291
176
508
735
614
59
106
807
590
289
162
348
985
116
362
974
228
789
880
112
179
261
137
474
686
511
229
145
191
504
964
908
588
234
284
714
886
346
572
91
732
24
839
34
813
583
193
135
701
106
405
142
813
828
995
20
551
950
649
321
349
681
211
349
586
323
810
322
852
654
103
536
567
994
860
357
755
625
202
204
440
331
776
225
50
353
821
195
72
525
411
882
838
786
901
811
135
320
331
379
250
317
43
651
909
343
642
988
1
949
211
54
76
846
276
741
456
106
565
220
705
465
877
404
327
155
183
498
700
768
222
108
861
822
849
37
396
553
148
388
596
407
650
439
720
323
183
29
144
807
943
312
486
887
668
449
393
129
204
131
355
452
118
88
837
397
282
605
946
894
42
501
79
303
561
165
283
212
787
590
414
388
205
710
449
767
510
182
271
616
287
807
299
932
901
430
338
58
113
669
173
83
982
93
593
175
343
926
424
196
763
811
377
259
702
918
990
415
46
188
831
326
608
178
931
307
541
543
258
783
328
915
461
137
209
920
514
955
523
103
531
110
508
41
942
600
378
226
568
460
514
156
640
741
73
444
513
455
344
506
270
797
403
595
656
37
124
272
721
716
231
383
81
947
278
456
743
619
803
108
85
599
43
85
863
128
169
220
352
598
176
953
103
525
784
944
566
644
646
636
500
31
194
72
829
291
965
482
971
550
196
801
806
958
67
540
864
483
655
697
489
452
951
791
672
26
550
727
278
878
488
160
789
152
771
119
322
640
507
259
992
422
662
359
379
347
589
556
3
788
22
421
623
874
583
948
714
60
538
78
330
398
7
403
789
692
21
368
767
193
281
495
79
287
744
171
188
708
711
434
256
639
714
34
958
465
403
34
144
797
974
301
320
404
212
542
389
538
902
371
285
304
437
764
537
345
677
846
478
484
482
504
518
938
672
337
816
585
425
717
411
66
286
138
775
802
121
723
306
750
480
620
684
972
768
398
787
510
803
909
120
334
121
795
224
194
876
535
59
172
731
851
789
611
14
760
206
821
509
411
632
353
948
329
621
832
77
946
672
846
329
702
465
457
948
305
636
85
878
878
776
131
709
271
480
498
973
138
132
887
617
202
531
838
91
741
359
398
104
265
721
460
391
190
95
892
606
53
499
619
143
68
588
84
868
254
98
416
950
397
614
714
148
326
184
275
10
653
460
640
262
943
36
138
367
519
848
851
452
924
36
836
705
329
766
265
552
938
479
752
747
587
759
335
80
418
451
252
465
146
33
83
839
417
899
161
280
710
651
21
21
60
245
19
368
297
802
824
42
515
869
627
640
738
313
999
890
29
305
153
192
223
408
132
122
17
878
340
515
676
450
991
758
597
140
501
598
978
885
96
386
980
757
398
824
549
117
650
313
402
297
185
635
19
793
859
598
188
459
884
526
656
489
705
130
1000
648
925
190
161
854
108
581
125
830
688
868
752
648
387
551
56
413
876
586
564
18
41
741
902
975
865
112
230
666
292
626
47
80
718
359
122
271
726
704
134
733
116
307
773
841
941
765
923
907
750
767
936
745
860
336
243
657
394
255
907
463
709
911
709
713
783
486
369
403
422
780
935
535
335
954
689
560
96
348
723
121
334
504
400
335
786
648
229
578
379
683
36
799
947
929
291
263
953
790
481
566
411
714
590
780
29
709
4
250
798
310
650
824
236
805
57
952
862
996
471
523
451
563
774
673
314
996
317
822
762
903
142
892
977
166
447
772
319
830
710
641
819
847
156
7
523
19
433
765
124
338
881
237
463
582
846
316
76
433
683
779
806
914
780
378
81
801
695
101
33
301
29
553
452
542
568
488
933
576
64
195
451
452
634
513
314
395
425
650
932
740
624
963
262
244
537
800
784
640
342
606
385
306
111
624
404
922
540
700
102
440
776
646
24
686
894
850
485
192
10
922
184
940
689
143
669
597
65
428
943
764
806
427
409
450
655
827
506
155
49
86
56
704
181
581
225
575
766
296
180
645
150
323
338
290
501
952
427
781
688
103
744
601
346
679
431
253
307
918
750
345
248
461
302
925
587
699
688
958
953
858
73
301
9
61
917
823
57
88
769
524
729
325
930
439
943
262
554
581
282
891
555
423
453
41
598
702
13
660
484
40
314
718
487
877
555
863
458
702
717
733
388
898
600
510
993
498
526
236
816
560
623
436
53
564
257
288
962
931
496
258
239
472
531
6
618
978
491
847
514
627
233
584
826
217
928
595
684
658
468
59
343
94
503
875
813
523
116
329
710
496
744
671
143
853
824
374
767
76
330
2
643
182
5
559
644
416
197
908
175
661
964
222
178
72
199
859
476
49
589
83
650
103
452
940
826
736
70
350
209
987
79
237
577
82
779
242
515
158
449
429
311
453
783
536
471
49
648
673
840
530
852
467
30
817
660
956
621
76
36
832
99
915
586
841
793
444
970
64
491
182
666
666
820
9
238
394
371
513
21
12
746
242
944
622
207
493
394
28
517
705
598
670
400
961
953
338
643
863
518
502
391
205
581
644
353
276
811
218
76
921
862
283
727
384
812
743
736
228
847
818
389
587
672
645
412
497
273
17
892
864
264
156
740
285
270
481
979
353
387
138
530
10
538
889
414
22
730
629
347
770
142
628
2
496
469
765
194
965
523
66
706
297
298
378
888
872
502
207
952
2
154
823
174
800
763
925
1
193
715
15
344
403
279
62
822
101
307
860
292
664
943
835
80
684
766
601
891
604
718
279
366
110
340
345
201
282
938
552
49
27
301
350
798
446
160
578
975
909
809
482
728
967
923
169
565
582
313
189
582
353
279
786
497
800
233
86
878
179
654
412
607
828
985
251
61
180
715
467
931
818
239
