408
376
16
939
250
702
254
557
803
742
914
754
894
438
153
634
216
833
447
541
305
673
256
217
84
211
133
150
259
829
419
21
335
286
321
632
98
646
23
702
739
132
636
305
908
106
466
44
63
328
258
30
157
771
540
545
318
475
21
68
130
963
579
269
552
113
656
793
250
412
593
890
995
707
826
116
804
852
15
428
895
932
765
343
871
871
339
718
519
275
405
333
603
938
351
784
564
247
10
170
425
945
198
143
236
137
77
341
639
125
730
660
118
761
145
316
943
443
386
396
176
90
703
604
544
495
103
406
416
481
909
98
765
849
821
723
359
851
848
473
750
574
902
802
794
296
551
693
318
106
805
105
864
272
399
173
463
244
690
708
66
35
712
798
126
71
863
964
653
815
179
117
713
585
70
271
876
188
912
803
421
168
754
644
132
28
460
145
760
115
690
960
861
189
642
519
864
432
33
576
675
560
303
110
311
260
626
855
785
693
841
829
257
14
370
246
987
470
448
131
792
993
1
615
375
584
711
970
475
681
425
94
345
52
684
692
64
510
9
818
540
418
174
605
209
110
809
314
780
678
640
701
665
273
641
175
924
586
552
155
247
989
888
467
436
292
633
552
336
792
382
230
972
491
982
766
685
834
660
109
690
279
662
925
612
481
914
551
180
510
974
667
335
165
689
198
879
389
656
201
233
4
299
824
444
165
11
189
216
819
349
752
916
797
164
997
523
133
283
841
47
859
832
15
392
236
467
424
465
830
723
7
616
265
790
524
358
371
123
629
340
494
883
637
847
262
642
202
627
52
72
919
70
506
4
74
183
186
789
528
586
132
346
790
484
42
561
490
932
378
651
940
79
20
467
417
159
901
996
627
773
100
147
861
563
949
734
327
938
406
570
657
237
196
706
624
738
703
653
404
494
626
238
609
105
968
755
16
308
368
326
925
204
289
683
296
463
790
845
879
738
902
471
557
306
419
593
515
995
791
218
32
72
752
947
559
671
536
948
976
93
978
56
226
779
418
987
36
61
908
483
417
427
333
953
59
802
898
249
234
810
276
650
743
15
932
634
570
487
636
252
15
204
513
772
702
622
746
92
943
711
986
464
789
876
891
179
565
335
561
167
105
907
945
8
944
507
75
215
247
561
102
707
220
707
54
270
620
895
431
81
719
397
114
12
774
378
784
876
352
600
95
987
514
384
56
415
149
287
570
109
306
563
372
954
47
414
206
19
726
189
977
124
736
691
772
435
651
726
771
272
896
190
312
374
116
28
167
695
9
402
63
462
47
526
857
880
82
353
887
384
503
556
288
297
772
460
32
678
469
171
348
501
416
251
626
687
654
774
519
304
173
183
293
280
394
728
721
842
926
499
320
708
192
200
395
562
285
89
864
517
325
163
551
593
630
208
873
171
639
449
144
796
579
346
280
660
346
675
837
166
164
755
717
973
630
231
188
908
134
84
41
524
558
153
673
388
638
748
28
59
728
700
292
671
663
666
805
170
37
89
738
959
625
66
183
535
47
339
707
103
965
119
48
824
580
341
353
598
725
399
767
419
833
577
424
888
871
590
365
877
767
974
6
621
870
409
364
114
773
961
329
191
86
435
517
878
178
864
561
110
241
835
76
265
897
748
492
524
426
161
164
322
577
870
395
10
449
531
557
720
701
668
258
568
15
570
473
693
427
999
705
363
770
291
632
242
718
707
816
70
766
257
123
487
561
951
172
445
320
530
170
954
138
536
429
102
399
369
279
949
151
707
975
286
973
386
463
609
859
894
175
412
635
421
977
793
418
592
713
448
41
490
641
338
846
428
803
335
717
353
89
765
195
322
757
10
498
595
114
858
134
697
896
798
573
111
545
360
630
592
256
830
552
324
323
628
466
933
997
628
569
589
406
53
283
716
461
570
986
60
617
840
219
368
258
956
481
676
425
108
152
586
783
124
103
964
287
413
196
614
698
150
303
763
896
892
347
1000
613
377
303
694
474
133
859
615
965
968
499
167
958
666
600
900
51
635
983
469
401
264
975
200
492
494
63
901
799
341
427
399
940
443
688
424
494
853
788
385
193
181
415
404
477
798
42
63
823
899
364
966
244
976
262
214
561
187
872
558
671
960
687
618
345
247
166
943
392
556
839
17
725
81
1000
950
294
65
813
665
816
260
669
594
892
962
480
471
96
36
762
82
552
245
363
668
840
58
112
120
631
869
459
184
264
710
374
525
145
859
172
270
955
981
61
603
664
53
242
5
525
350
194
976
425
669
981
559
372
630
685
