17
349
797
204
146
802
207
310
886
55
786
881
871
283
574
158
826
588
599
795
4
959
685
360
161
953
49
74
888
762
522
520
895
843
684
247
886
29
130
517
376
460
202
448
221
506
294
525
355
724
480
495
376
696
207
198
268
860
589
146
511
247
546
677
85
828
537
761
227
712
444
809
965
976
295
66
383
477
12
42
554
302
750
176
725
197
92
347
224
107
339
976
374
606
350
912
276
896
327
346
115
107
805
469
196
984
489
416
490
846
893
534
613
110
318
246
615
408
305
297
816
125
957
425
210
485
416
586
345
438
603
44
100
268
812
147
770
418
378
309
345
818
613
63
822
161
919
170
749
229
928
606
818
46
923
155
906
22
954
423
178
774
134
277
575
866
149
927
482
615
678
381
847
62
528
327
622
102
895
258
664
875
276
556
744
778
733
241
622
43
137
251
253
894
301
445
908
496
189
606
280
270
393
671
528
712
118
980
191
995
65
674
632
352
840
306
287
26
845
764
164
891
628
673
334
444
364
121
872
129
721
669
360
711
309
591
964
94
668
906
64
584
984
21
799
560
202
578
182
420
194
471
468
867
752
396
538
236
702
609
129
179
507
641
510
686
136
69
955
239
913
776
846
647
683
781
373
122
189
762
872
847
440
149
952
853
655
215
467
349
600
95
624
806
474
313
90
914
406
162
456
779
265
840
527
976
992
163
721
916
619
662
909
928
93
187
71
873
820
400
304
33
418
97
195
834
936
238
525
377
152
913
495
406
637
562
943
712
469
118
425
68
256
792
247
884
437
274
6
434
790
870
64
714
696
751
673
30
113
797
170
640
52
884
907
125
340
915
934
916
895
628
538
573
607
600
827
827
341
354
73
88
101
378
293
76
835
784
822
9
994
196
625
414
3
930
40
277
255
52
725
29
295
716
586
697
284
66
274
791
854
898
772
309
844
272
195
754
942
284
86
925
601
614
530
303
109
306
467
951
299
87
915
392
842
535
283
836
283
500
185
320
38
75
245
787
982
358
988
61
934
854
521
321
11
923
687
275
205
481
765
215
983
779
961
122
887
291
255
354
758
555
505
713
748
261
137
187
424
874
916
215
694
623
90
743
100
634
764
413
88
919
263
679
665
715
25
826
310
329
120
521
888
723
303
433
91
539
768
779
791
264
270
229
654
292
179
184
623
791
611
342
86
96
786
35
203
829
137
779
837
183
882
553
309
573
46
270
826
715
545
589
774
912
653
721
54
124
73
805
98
916
578
958
993
692
705
751
411
362
296
671
66
824
15
502
396
802
811
512
789
99
952
865
24
106
357
186
785
423
798
135
85
856
314
251
830
699
977
683
884
414
849
726
194
221
49
365
297
894
921
375
352
948
463
757
361
546
535
868
291
678
704
872
977
824
156
806
832
528
996
232
249
294
364
735
156
934
597
189
25
714
890
446
979
997
700
802
741
252
372
275
400
221
232
990
350
593
85
807
412
4
440
758
450
763
401
613
634
893
482
823
15
728
696
558
775
379
479
797
686
256
446
687
109
64
887
738
802
393
1
424
570
726
455
772
970
301
383
971
68
447
541
99
309
431
242
977
127
16
246
190
600
587
456
510
920
223
290
638
359
588
878
236
607
611
561
752
668
349
65
429
795
728
95
90
458
876
170
781
604
847
128
742
561
969
230
709
274
32
237
794
721
541
229
944
417
151
113
67
19
859
467
365
729
898
665
610
182
801
662
382
639
755
756
935
183
976
922
572
895
658
268
322
446
859
736
375
589
148
162
680
548
170
930
97
481
624
575
876
124
670
749
8
588
88
419
504
726
286
667
492
726
698
707
600
638
480
643
281
476
345
714
456
403
351
783
281
114
186
87
648
695
705
948
928
450
993
605
83
514
568
677
157
993
936
370
291
948
736
909
431
998
352
807
217
99
204
523
280
486
83
769
468
49
770
802
418
932
606
240
602
871
729
616
399
992
956
572
578
993
705
480
361
894
839
963
898
943
626
758
777
280
54
113
45
835
44
922
895
212
933
56
672
788
686
792
929
192
522
79
264
413
929
160
125
39
621
931
896
971
96
819
376
941
870
577
546
288
470
672
556
114
404
78
534
98
788
246
929
450
117
581
214
25
265
854
331
780
45
471
938
981
231
129
411
505
551
264
309
23
103
546
798
7
112
388
141
378
204
145
811
764
602
938
918
885
690
908
817
312
922
736
685
423
949
797
976
809
597
851
815
704
763
329
167
171
361
183
540
38
854
113
279
982
823
912
903
452
740
448
702
39
235
785
374
723
931
935
968
308
977
18
210
259
795
62
793
771
915
527
805
937
914
311
43
11
600
496
729
491
339
800
492
998
142
145
187
498
847
602
739
157
812
843
196
310
122
926
121
916
749
418
396
158
315
705
58
125
308
900
639
352
771
337
894
374
975
416
156
541
321
46
627
901
496
227
340
668
651
379
665
748
656
471
187
858
261
304
340
921
38
362
223
793
617
242
514
730
232
381
478
761
831
507
916
534
388
166
931
23
302
839
923
400
793
850
140
41
7
944
637
375
678
678
630
309
347
382
451
183
529
173
657
525
45
627
712
62
739
546
802
680
674
417
370
254
500
965
906
376
487
834
124
660
839
893
644
563
370
478
398
383
45
79
741
736
524
729
57
359
124
562
47
676
841
980
258
827
564
555
227
744
1000
92
824
279
676
219
496
704
163
215
352
434
381
224
591
152
130
586
554
812
985
819
989
822
757
650
233
963
148
532
637
416
328
977
356
302
843
633
789
169
923
285
415
51
923
497
811
572
617
75
570
99
726
642
210
562
460
498
180
490
629
537
866
810
711
959
859
738
705
631
33
889
598
429
661
705
423
891
119
895
72
940
834
394
259
749
508
935
824
383
560
233
430
807
817
488
305
251
994
509
295
659
727
387
886
763
884
701
328
152
481
146
591
113
223
676
199
882
685
589
375
190
316
998
947
235
191
63
105
324
910
124
827
452
480
405
629
397
892
328
503
143
688
735
863
630
725
328
95
803
772
400
272
904
168
978
111
756
287
338
102
437
386
366
713
172
152
47
332
181
628
809
696
799
511
335
118
971
934
937
575
48
994
513
43
291
773
185
882
202
978
599
280
768
869
856
774
963
380
282
264
554
113
225
63
896
202
779
521
586
548
545
882
206
585
429
383
9
81
996
925
498
7
150
381
424
320
393
365
939
985
553
256
269
759
517
556
421
900
710
639
684
467
654
294
647
290
688
304
848
528
727
528
392
437
273
37
847
751
889
918
182
543
295
538
666
478
117
654
532
349
682
346
14
745
42
880
439
654
789
439
561
778
430
650
831
821
849
687
258
571
393
201
697
282
580
125
729
699
416
148
84
235
603
253
669
935
879
90
920
173
756
205
633
609
41
857
217
346
213
583
53
102
734
821
360
775
332
348
677
244
920
892
496
747
187
357
388
908
301
420
820
124
692
704
96
520
182
835
385
545
230
496
895
318
276
896
640
901
437
277
54
23
87
169
635
312
601
640
92
112
52
433
701
100
945
1000
57
82
469
349
933
658
454
963
824
141
178
147
31
319
100
620
795
738
721
214
869
55
121
248
892
578
823
16
84
945
630
152
657
483
174
233
796
158
784
472
845
350
797
562
663
757
324
744
23
530
153
860
452
709
963
293
328
970
477
161
386
128
565
669
129
901
69
874
317
220
645
169
699
969
152
152
257
106
780
467
903
931
774
968
67
162
228
738
124
816
265
802
26
67
405
244
486
967
332
249
184
790
980
276
51
511
288
211
949
809
47
544
44
597
641
775
956
357
902
788
943
329
466
442
151
66
524
487
129
706
67
735
963
512
919
567
492
952
812
895
504
57
836
729
660
103
814
48
821
340
156
221
229
497
620
73
259
973
45
911
274
43
586
505
413
756
119
157
933
831
851
990
548
448
113
245
329
419
460
899
944
793
184
688
81
751
847
382
590
134
374
645
997
819
994
131
972
90
244
217
816
874
44
547
831
822
411
187
596
203
683
918
221
265
900
974
654
960
874
136
695
508
818
324
52
597
654
597
272
545
207
596
51
127
295
114
873
451
592
522
384
810
343
756
62
790
39
522
529
843
237
270
180
899
305
766
725
988
49
580
69
810
4
770
897
957
896
435
313
743
963
116
894
631
62
344
938
133
448
542
185
605
676
842
342
528
105
593
694
455
544
650
986
690
69
334
33
161
643
530
141
241
890
296
898
973
49
38
370
197
46
732
520
592
657
306
132
211
635
985
470
645
487
673
645
164
496
652
202
236
388
837
21
112
255
774
679
194
673
182
369
141
383
172
329
349
874
244
637
330
374
868
989
753
403
321
336
826
199
866
123
302
483
334
978
435
541
658
440
826
679
441
847
885
609
667
28
63
961
752
223
851
723
785
516
817
36
121
697
907
708
657
244
4
631
987
156
563
501
319
811
392
226
18
73
518
135
119
660
34
951
276
573
243
289
332
674
460
147
53
321
730
388
828
559
669
155
63
566
717
406
414
373
591
187
652
42
258
694
138
428
941
899
716
66
412
65
529
71
534
609
792
535
91
132
429
751
588
320
20
919
796
30
630
286
914
355
556
773
796
230
996
149
120
331
480
118
336
195
493
865
739
111
532
94
893
836
980
926
998
197
162
148
682
814
736
708
596
852
892
386
55
598
5
177
222
98
522
128
406
686
792
67
27
812
372
476
67
278
313
625
746
216
140
936
297
76
105
186
499
950
52
994
296
475
841
717
293
648
697
566
747
103
189
399
127
732
367
955
782
229
882
599
747
983
100
931
101
810
553
792
882
168
363
819
620
570
981
955
73
649
325
833
283
959
419
127
763
476
743
804
666
667
650
708
818
659
905
707
761
572
630
26
518
454
136
545
269
835
915
593
90
393
479
61
909
661
450
930
578
198
317
522
694
286
701
389
959
219
226
195
313
219
902
313
732
764
568
345
574
473
490
741
297
931
107
709
756
123
467
33
866
726
101
196
870
813
616
710
354
937
336
265
351
880
873
89
622
222
175
851
715
384
800
965
543
792
485
924
314
250
329
75
164
520
167
348
586
727
180
968
795
804
375
921
815
691
602
616
691
820
176
148
419
87
802
120
587
930
703
974
440
333
670
711
712
585
953
950
21
58
498
138
64
502
428
679
760
651
356
132
356
24
1
329
620
447
406
514
481
560
178
609
160
866
432
502
967
453
643
948
305
310
252
200
701
909
417
403
991
428
120
584
374
341
47
195
352
662
31
129
332
556
891
587
118
617
733
538
861
422
731
760
586
138
345
353
701
98
87
302
776
66
766
423
29
423
421
672
859
417
598
58
352
473
761
342
919
266
365
545
993
430
519
487
539
217
280
153
691
561
718
590
963
356
919
374
387
296
410
166
587
241
121
275
633
974
390
332
667
691
57
629
753
909
854
372
394
83
92
655
300
975
208
278
386
943
809
525
267
626
528
971
925
550
950
585
47
537
789
84
947
738
933
651
846
628
154
8
502
691
83
352
872
608
969
466
801
547
856
941
690
734
958
678
767
436
746
567
718
668
73
231
670
425
820
607
525
191
468
100
829
782
450
672
465
981
145
794
844
204
114
858
816
992
149
770
968
586
914
269
828
893
62
926
270
634
141
236
617
912
525
119
434
157
18
997
369
222
397
251
757
449
132
384
350
705
364
635
750
540
759
389
116
117
158
101
757
1
148
996
324
599
926
570
182
239
678
140
417
342
779
902
795
262
65
963
264
620
579
873
573
66
389
26
751
935
621
564
746
785
35
222
871
407
836
327
943
86
915
236
661
993
828
333
238
288
725
942
354
970
501
428
212
725
163
230
967
485
852
573
513
895
78
867
644
568
749
986
572
261
409
608
884
798
383
336
661
119
523
452
525
186
10
972
418
401
96
525
865
768
686
624
183
823
254
776
497
906
335
585
661
338
917
483
699
167
33
267
126
717
620
173
729
18
668
794
777
229
694
353
356
614
398
959
283
31
136
184
1
331
53
978
451
948
720
79
939
31
762
505
230
33
250
984
870
165
406
534
201
108
474
557
390
673
481
457
822
213
755
633
644
98
490
273
722
671
340
516
262
955
881
432
304
9
850
837
584
756
814
548
882
479
344
251
803
356
106
327
482
698
475
768
958
827
970
222
799
43
75
495
664
828
504
431
899
936
942
993
20
948
688
522
104
843
979
373
504
579
594
961
246
130
924
804
244
955
347
918
246
509
312
761
972
952
350
408
234
722
939
519
690
711
839
161
189
204
533
759
246
240
188
206
246
741
68
165
239
933
160
764
425
997
829
635
634
369
721
185
983
164
594
381
52
724
667
51
593
974
240
597
781
279
965
642
371
220
358
877
870
265
232
310
3
643
240
955
750
162
416
959
181
103
426
857
765
254
943
30
662
493
135
95
102
340
64
85
677
721
447
773
358
387
943
490
609
712
741
159
919
963
170
919
351
535
834
183
656
278
130
329
809
722
388
439
125
427
189
274
628
728
554
95
727
685
794
859
713
105
907
476
28
938
159
669
698
601
469
67
998
129
885
537
643
176
615
112
612
408
446
170
37
881
221
119
179
321
392
933
394
852
626
861
849
16
271
92
279
755
15
592
213
560
882
136
909
521
326
945
251
64
444
794
90
844
626
856
259
971
685
955
302
325
388
900
842
735
513
109
922
5
876
470
229
141
224
801
572
644
848
636
584
289
153
948
485
119
704
747
258
224
58
8
417
649
39
345
654
576
113
252
935
906
591
323
796
982
163
143
850
77
533
33
226
264
580
710
545
519
725
993
759
738
819
965
720
838
254
642
234
530
98
696
449
352
917
666
68
369
388
101
718
992
332
894
785
466
207
182
864
238
95
729
414
18
733
252
89
717
362
619
8
975
387
416
603
250
344
980
613
122
665
189
942
665
230
484
625
2
578
682
853
952
629
122
505
518
841
955
821
270
317
851
662
685
319
109
8
134
880
308
642
368
759
255
628
809
522
386
606
333
257
905
614
153
922
466
748
407
833
190
172
915
350
857
275
204
952
683
476
215
7
962
479
404
324
947
773
531
390
22
894
439
157
627
561
787
339
747
199
191
913
138
74
367
183
283
481
863
774
983
668
721
955
449
658
449
255
607
584
793
85
425
206
25
577
749
664
963
272
892
863
768
70
488
339
572
272
776
418
796
566
734
567
45
307
687
14
987
222
520
554
913
1
94
503
669
983
829
355
496
748
868
205
247
153
531
277
409
357
390
328
517
985
684
412
467
600
358
764
543
552
907
573
223
476
654
413
727
821
358
508
18
956
911
64
61
933
645
48
170
151
822
16
941
392
893
577
479
625
606
864
743
138
299
788
617
107
737
971
810
597
989
132
286
259
348
894
780
292
274
583
440
344
355
644
633
166
51
759
611
785
21
939
795
611
663
344
183
746
564
392
451
603
674
872
836
377
674
357
375
963
617
462
326
838
306
687
152
2
828
301
726
913
967
645
632
877
856
229
650
610
389
919
448
401
25
706
737
858
266
74
181
589
652
716
736
476
415
722
873
670
915
525
88
484
400
432
676
656
685
350
798
10
534
116
269
328
463
956
675
968
341
384
658
705
145
498
658
708
657
753
674
137
485
401
793
635
655
219
168
533
601
150
480
531
622
569
696
931
36
475
29
229
958
152
142
808
808
500
477
49
255
198
479
942
751
703
885
979
170
49
966
14
16
347
945
237
675
925
707
875
565
685
269
586
338
271
465
520
835
603
780
3
344
207
428
194
102
505
756
374
936
29
353
29
568
243
542
739
79
206
372
775
759
12
708
754
891
85
412
889
387
667
866
343
116
429
719
710
287
772
444
55
617
117
874
989
627
161
747
216
684
654
713
803
869
35
928
828
815
665
844
701
913
260
331
146
762
16
716
741
201
547
397
508
814
466
561
524
728
555
343
853
58
240
924
796
259
342
21
389
397
666
635
443
226
112
624
804
409
477
62
41
991
687
259
190
330
838
371
413
85
226
445
689
476
772
289
212
848
827
454
3
655
523
974
5
31
6
112
955
677
767
873
564
732
513
573
361
231
932
285
883
696
714
82
953
962
852
30
538
730
627
650
325
891
833
294
162
971
682
648
752
135
243
751
846
722
918
276
824
956
858
115
679
848
844
225
307
835
784
717
515
13
700
608
117
553
683
945
312
91
761
644
816
434
608
87
964
559
791
394
789
234
678
42
567
99
216
732
173
201
22
107
970
47
97
250
732
218
178
1000
944
435
167
612
923
908
505
547
515
94
39
715
673
79
317
260
850
287
330
261
767
71
287
987
192
815
164
937
860
160
771
395
274
710
643
908
683
208
641
819
530
876
942
369
636
267
549
580
55
67
237
87
861
632
34
208
915
202
532
565
384
356
429
813
449
35
890
918
747
99
199
27
7
879
809
103
702
390
176
339
505
394
859
32
519
529
723
893
800
567
848
17
855
637
189
447
188
860
227
8
186
51
825
106
609
987
547
314
620
862
853
140
137
82
588
363
597
771
939
329
767
934
586
556
492
37
575
892
617
952
201
888
306
869
543
72
800
767
703
913
467
474
47
191
790
843
76
876
568
187
665
555
895
418
63
468
785
2
554
794
851
462
490
254
857
597
558
926
950
685
139
638
553
133
75
364
71
463
183
60
406
370
287
986
472
795
999
278
636
257
177
360
429
661
504
145
403
681
233
255
464
429
491
894
804
834
853
981
979
348
911
221
207
904
584
388
406
196
292
502
476
309
945
191
266
830
766
959
520
269
117
103
422
701
341
113
854
604
679
500
949
619
407
133
550
849
172
426
874
366
535
586
685
933
295
803
186
724
980
131
255
826
576
775
730
451
368
732
258
105
887
638
361
388
379
196
547
139
717
405
780
737
257
984
306
772
702
650
632
966
500
90
801
382
603
694
530
224
318
376
589
371
227
592
192
548
874
379
370
52
374
612
881
569
57
658
671
950
743
832
319
713
9
67
528
312
318
791
715
435
548
711
976
712
215
426
608
255
873
875
993
86
55
387
119
21
193
21
925
904
671
523
676
272
265
683
894
805
417
601
124
544
683
267
331
954
42
544
298
672
532
978
684
287
785
95
559
12
80
140
630
301
215
278
569
619
283
943
435
270
911
724
742
676
400
528
941
261
750
187
200
497
922
768
9
382
967
888
765
523
418
306
938
708
544
762
825
604
993
286
433
518
317
906
232
365
899
832
171
474
214
48
85
752
483
455
468
207
810
2
995
889
339
88
812
461
71
738
49
34
199
653
843
550
103
982
721
303
103
440
169
883
862
354
945
1000
510
29
689
758
543
282
288
311
225
873
860
459
110
241
100
327
860
859
391
14
587
873
249
774
727
685
353
964
414
827
665
693
979
603
440
108
847
612
515
984
861
667
760
943
783
622
101
713
610
496
825
611
63
811
360
975
523
944
718
92
920
625
801
703
255
98
423
476
643
200
373
486
358
59
693
745
502
856
68
646
411
497
244
440
296
448
925
318
378
82
8
784
764
134
973
818
555
723
763
967
339
284
430
70
599
119
597
746
811
879
214
133
935
196
961
204
121
910
142
491
575
192
59
577
675
78
784
609
217
718
371
802
478
844
97
588
191
974
582
884
772
939
424
512
340
569
456
790
235
827
780
76
563
843
385
451
46
450
999
200
42
214
22
813
487
560
756
432
461
498
585
496
863
713
842
312
349
549
451
401
51
981
686
857
614
924
989
12
678
974
522
419
878
666
672
201
70
284
873
602
474
408
375
880
228
724
395
805
4
449
397
867
690
121
136
201
566
427
829
749
804
74
52
747
201
926
37
176
908
48
932
935
737
535
828
516
240
560
939
345
907
737
204
131
16
484
322
191
135
366
285
484
17
378
161
929
561
663
136
208
800
540
810
220
876
512
143
188
268
312
114
564
934
241
530
314
227
492
818
166
661
989
43
858
701
495
186
477
266
599
932
276
939
532
49
837
591
848
423
107
347
343
590
954
185
585
834
135
961
680
310
271
683
383
533
794
7
474
261
854
535
830
418
472
847
854
696
232
735
670
806
325
238
51
47
622
301
327
971
497
299
883
663
899
577
176
529
190
990
492
378
513
327
410
905
288
757
26
728
256
92
698
409
980
107
645
790
636
961
420
940
571
487
651
595
355
683
98
266
427
807
117
268
904
191
20
163
414
749
367
940
951
677
532
843
122
667
467
494
612
694
554
265
333
623
817
646
327
291
11
909
105
475
82
244
2
302
616
418
998
365
878
222
286
380
578
143
123
933
799
743
512
130
128
441
333
667
500
892
728
773
742
681
894
686
216
725
364
932
637
875
830
404
74
332
957
783
13
452
225
392
484
744
236
491
318
164
227
822
890
348
97
974
685
705
137
261
976
990
808
1
402
857
507
505
443
309
439
367
773
494
558
574
999
96
913
228
898
774
118
998
612
262
527
247
600
323
818
971
528
112
319
444
740
725
343
239
983
83
137
759
191
875
617
118
424
745
287
784
874
607
342
424
894
392
354
322
219
910
704
642
427
582
833
845
518
817
77
731
791
274
532
922
359
6
727
328
194
622
890
182
175
383
430
601
274
923
781
415
394
908
537
914
581
456
417
92
529
721
734
427
273
27
217
282
144
611
183
115
323
183
485
15
856
792
3
693
507
594
53
777
967
400
836
371
306
117
858
828
468
820
623
390
106
916
647
223
702
377
619
434
284
900
427
257
587
740
640
564
700
369
380
246
200
915
604
157
206
633
920
8
162
218
580
895
765
201
164
53
568
116
279
937
305
961
969
103
64
351
324
822
335
228
941
569
449
592
413
245
946
943
337
57
284
491
509
289
511
56
783
287
121
828
640
404
139
635
878
589
365
420
689
886
608
10
222
150
459
558
943
928
601
807
493
805
399
381
396
695
92
856
892
985
152
175
625
722
589
456
502
913
328
28
598
196
525
502
495
392
694
363
605
501
713
960
535
434
735
873
990
245
112
406
627
78
436
75
118
621
841
724
377
204
617
584
363
66
299
322
399
394
930
567
94
243
411
382
117
379
875
854
971
450
743
177
347
174
7
593
762
226
510
259
457
767
208
544
192
682
682
911
924
463
371
927
753
155
232
682
908
810
147
408
753
830
415
879
942
382
650
484
901
101
248
335
707
897
788
552
387
33
212
731
159
259
224
911
126
595
451
558
786
894
617
107
991
608
968
471
196
90
744
362
102
112
996
272
636
252
929
943
38
785
622
608
628
297
479
936
686
714
824
876
593
263
460
925
441
377
223
361
841
550
770
641
518
794
617
190
968
862
330
702
253
2
193
968
642
520
828
850
