170
416
709
558
362
48
604
815
534
384
446
973
96
807
664
182
677
875
409
198
885
795
730
355
936
972
470
283
67
211
881
340
348
215
472
270
170
22
138
894
108
895
698
829
665
518
551
123
2
193
191
295
681
862
681
968
178
788
884
335
665
66
698
163
4
770
864
777
853
877
228
765
900
857
583
812
433
287
323
727
446
781
846
366
167
140
702
911
505
112
314
423
740
247
375
777
304
675
830
247
518
505
422
818
308
717
43
647
389
597
184
612
433
495
342
772
56
897
561
768
60
916
226
582
218
480
90
268
158
668
748
194
639
9
114
682
494
152
767
916
144
203
763
364
25
322
452
835
894
263
758
823
974
191
8
389
976
680
17
957
774
250
806
64
3
967
581
491
320
262
48
63
933
53
97
305
776
408
100
925
934
677
782
22
404
934
550
375
988
60
622
813
247
843
238
963
994
181
366
579
414
805
752
271
306
762
392
639
260
544
474
724
879
842
478
848
443
473
356
800
818
757
958
811
139
255
819
964
616
649
541
353
571
373
326
258
384
925
999
725
235
119
79
823
861
84
776
890
273
448
518
569
892
288
8
948
439
15
711
568
76
6
958
857
703
853
860
155
370
235
472
651
561
81
869
519
193
353
430
787
132
352
652
975
827
315
140
641
555
213
177
928
762
95
648
911
336
251
558
644
897
152
672
988
816
229
945
919
466
868
569
162
491
370
652
73
544
406
232
157
567
534
581
357
991
319
496
257
956
143
994
161
465
405
979
596
200
589
788
963
923
406
313
520
188
363
721
735
376
40
227
38
554
367
825
553
723
970
179
801
23
637
250
960
212
197
38
982
410
958
272
816
169
368
240
437
169
381
133
887
628
249
97
887
297
465
96
411
326
81
365
492
937
811
382
883
53
475
530
227
190
530
337
725
725
719
254
107
666
328
241
28
240
638
257
738
54
637
809
174
86
488
685
28
796
312
655
522
311
845
296
150
467
108
421
90
939
548
933
657
653
800
59
5
280
428
293
99
740
451
615
835
629
346
364
256
586
569
486
271
635
802
327
742
367
585
225
242
136
38
897
317
266
715
703
738
96
324
329
135
465
447
928
709
352
818
639
160
284
669
711
13
720
58
898
699
656
978
354
658
352
207
845
20
537
1000
635
762
28
955
694
960
570
25
921
317
615
875
314
966
161
481
74
175
745
145
140
135
130
727
487
948
111
179
921
81
536
525
978
123
435
451
305
734
406
581
300
75
19
727
477
103
177
471
469
475
186
818
185
465
376
191
608
711
270
886
120
550
932
635
495
279
770
874
716
817
981
194
570
897
707
343
978
765
732
322
358
61
307
81
556
519
189
584
883
266
532
194
162
225
817
402
303
683
405
805
365
976
137
358
517
423
270
240
683
259
767
120
262
702
658
608
286
639
258
476
943
700
575
325
153
698
520
27
897
466
147
984
933
541
532
259
797
867
146
551
791
781
630
581
747
364
377
651
763
948
984
211
207
298
347
97
889
29
991
676
46
71
422
301
923
429
479
716
236
189
91
907
110
397
27
373
762
226
778
428
443
636
706
536
253
106
489
351
628
465
710
158
60
831
491
813
432
363
618
797
847
707
395
851
504
931
109
33
219
318
835
795
282
528
266
157
651
794
409
514
633
318
895
182
857
464
991
596
489
696
326
732
521
429
198
211
99
113
854
397
637
496
23
347
63
833
369
405
36
879
957
167
688
668
455
345
389
449
10
889
620
228
303
597
782
394
251
991
949
38
833
110
748
288
500
957
492
944
635
251
42
336
93
713
854
487
158
850
412
832
371
694
329
311
341
966
543
471
484
544
592
9
782
208
148
115
311
601
810
309
54
622
833
202
827
394
620
257
605
680
476
952
51
831
750
559
440
453
91
808
93
558
862
643
347
369
469
298
1
213
153
55
537
466
424
934
602
525
583
242
652
975
916
446
657
609
197
698
501
419
922
946
889
491
445
128
822
333
827
307
747
122
850
890
691
13
994
961
357
601
368
909
339
27
835
767
231
549
365
470
281
730
569
466
901
783
403
354
774
811
574
692
550
536
937
298
147
108
521
245
175
96
447
53
522
586
224
627
644
258
878
191
876
622
351
613
882
97
160
892
34
177
484
396
608
226
473
576
516
470
476
514
419
107
74
842
916
700
653
132
571
992
996
596
823
753
743
914
295
255
705
44
923
692
708
667
912
82
710
656
385
942
529
899
860
28
895
522
576
9
11
181
311
81
364
566
790
115
1000
801
533
491
772
328
672
673
337
850
743
82
904
742
979
382
782
501
288
805
598
177
798
76
506
515
710
11
285
241
763
887
149
707
2
629
395
444
163
894
731
586
164
601
188
204
427
349
112
574
153
351
240
437
44
65
317
341
913
290
119
519
674
955
349
219
963
151
767
361
20
909
341
730
427
411
327
103
283
589
999
993
115
700
512
363
215
498
84
635
26
616
26
369
942
715
964
281
576
926
93
549
944
662
417
865
222
841
76
806
813
813
631
714
722
290
574
100
792
397
825
518
635
897
787
540
950
554
729
975
811
111
363
801
506
74
879
196
22
937
558
146
597
839
58
2
910
896
740
802
87
747
857
291
228
380
969
285
435
973
500
719
534
978
236
650
300
630
485
60
531
67
481
329
811
386
930
768
114
652
914
650
521
739
490
226
745
824
870
87
729
783
69
425
228
141
827
916
920
989
574
69
631
169
347
327
315
226
329
712
696
986
637
528
398
261
39
385
348
63
710
490
780
876
430
37
57
257
748
734
189
961
472
744
859
512
950
272
409
528
15
944
789
31
456
464
805
417
854
931
841
187
535
858
127
92
949
603
698
636
169
429
473
481
74
246
916
4
134
15
486
12
55
440
108
945
785
512
504
678
767
75
741
414
659
834
503
463
560
894
492
521
115
635
72
10
275
759
636
633
728
678
339
832
899
160
121
338
935
341
484
796
286
100
905
795
53
157
794
140
285
340
773
167
239
478
151
320
102
199
997
105
940
567
172
118
768
654
723
694
520
517
912
614
521
776
4
249
201
244
533
135
901
601
911
205
246
390
316
736
547
735
238
343
766
972
961
312
200
75
416
547
332
48
354
116
333
823
875
739
860
346
598
467
890
301
888
592
577
853
586
802
179
155
163
37
903
298
421
159
460
808
662
781
68
173
147
747
807
235
905
348
439
431
12
567
375
935
861
574
531
322
410
985
228
425
290
563
78
55
524
972
655
429
899
892
175
607
703
505
214
431
550
667
542
556
463
110
926
423
3
304
871
686
938
598
555
961
507
828
354
503
460
797
131
678
48
10
404
797
72
262
373
177
474
573
235
658
849
104
738
524
885
327
729
368
731
616
331
290
555
857
790
810
166
305
505
981
422
866
740
368
700
766
113
192
17
134
968
152
577
915
443
830
279
476
607
605
11
772
202
803
610
5
482
79
528
868
221
689
994
180
509
686
646
28
235
235
4
386
251
360
122
953
329
947
534
522
504
884
961
491
301
610
80
645
973
209
475
909
886
833
410
681
663
695
673
629
798
320
50
581
551
911
572
943
497
151
968
105
508
749
546
771
423
464
728
70
911
579
143
680
638
444
851
537
558
912
282
630
111
494
343
704
623
72
746
97
430
467
437
656
134
108
728
241
320
930
240
589
891
804
108
841
588
367
699
287
560
112
592
599
929
270
136
685
277
102
302
137
391
587
261
572
225
876
144
497
607
1
385
289
271
932
244
110
402
359
967
518
914
30
173
657
192
467
714
535
329
759
238
507
957
385
372
834
342
61
850
527
1000
517
144
506
454
85
472
513
107
166
943
788
793
882
917
721
829
749
783
132
338
768
167
32
380
880
826
906
588
884
309
771
930
565
439
752
397
873
370
967
489
90
926
818
30
912
184
585
975
897
82
298
667
205
169
845
313
340
244
255
594
804
793
177
782
130
528
377
743
87
539
766
51
434
69
380
846
143
967
969
635
713
26
377
214
793
528
407
594
743
295
563
102
38
711
517
981
342
888
811
525
70
757
13
188
664
155
655
515
753
106
408
124
513
812
128
191
374
312
861
708
418
133
235
601
565
322
429
806
439
643
785
15
368
780
598
758
575
53
896
443
293
885
878
656
61
157
866
94
518
829
810
511
716
734
720
162
245
275
447
271
226
284
155
636
367
752
581
878
785
201
897
37
492
835
243
501
996
885
49
38
701
81
964
628
211
32
522
211
939
736
286
327
264
91
968
286
161
992
19
187
23
542
494
958
712
872
433
135
175
622
280
599
498
893
964
450
433
687
905
325
879
857
363
125
153
607
162
945
796
927
207
734
584
255
197
370
675
336
549
877
947
402
110
781
707
191
393
331
735
875
974
24
276
234
48
898
259
154
508
118
797
271
779
858
950
443
27
517
445
197
441
179
964
716
386
319
660
648
908
586
8
653
681
845
622
784
241
475
955
931
121
635
961
581
493
807
316
417
419
862
68
519
80
322
605
84
86
77
383
787
536
736
240
253
341
164
240
333
991
865
235
557
291
11
105
406
308
862
717
567
771
423
162
201
75
721
851
969
52
729
380
888
298
968
7
981
521
577
659
115
408
666
513
680
64
12
950
550
369
901
801
642
849
534
673
250
591
849
858
834
392
822
305
217
536
221
601
209
560
24
324
629
441
615
549
495
958
804
467
900
245
881
662
274
756
882
46
824
101
34
605
994
536
480
383
225
967
545
866
288
175
664
247
396
795
853
381
154
843
957
292
589
989
118
228
339
962
401
384
217
883
248
219
807
186
582
551
910
86
624
407
782
539
420
610
822
375
630
136
238
161
696
214
610
271
498
702
164
201
3
251
726
693
754
678
622
413
505
358
613
605
368
430
89
642
137
24
1
893
663
485
432
573
812
971
786
201
781
544
749
890
944
944
514
131
190
882
31
347
471
478
814
31
157
693
327
654
342
108
558
468
170
736
835
249
293
932
257
497
735
1000
100
898
282
612
388
328
380
220
834
641
484
124
98
988
362
937
957
429
511
892
782
483
264
438
262
479
28
986
820
907
623
151
877
959
522
865
424
359
716
792
961
743
985
898
229
808
636
849
346
636
108
739
259
943
594
685
52
530
408
554
42
919
565
778
677
451
12
603
117
278
379
485
826
707
74
836
592
324
446
394
986
966
401
682
722
864
164
267
147
444
932
205
130
729
837
555
115
916
206
684
86
509
487
460
511
592
629
25
658
613
596
283
989
348
512
44
262
673
570
825
547
245
781
320
961
392
985
650
760
298
578
655
178
410
210
859
164
787
552
408
430
497
605
845
429
98
896
54
901
448
965
53
45
313
648
472
300
985
400
813
332
487
476
540
34
152
144
851
308
347
609
486
111
597
423
222
439
154
900
625
663
210
756
663
562
420
601
18
349
721
884
805
294
311
525
477
857
483
411
680
913
749
839
574
812
288
801
466
629
660
501
376
622
692
27
697
123
872
208
79
907
242
468
966
52
590
618
329
907
714
162
979
13
757
10
283
793
568
204
620
622
249
120
939
540
939
654
752
864
466
986
419
421
290
498
979
571
600
116
663
264
328
737
618
591
491
307
537
974
645
238
885
661
110
975
708
929
182
227
749
627
518
944
540
381
988
528
226
917
196
79
169
692
541
893
688
969
98
410
323
206
298
445
807
726
746
820
973
181
952
407
990
89
808
687
143
57
525
70
414
520
867
642
345
180
639
212
974
994
307
956
582
384
893
897
408
768
708
150
470
667
879
81
529
153
525
33
900
506
613
675
167
452
729
504
144
289
97
305
5
73
930
57
813
893
29
87
909
50
647
994
121
647
788
236
835
896
326
588
107
670
529
821
127
206
29
526
527
991
200
807
778
371
451
522
631
717
32
426
836
538
92
651
424
849
111
52
74
752
313
426
936
319
673
80
513
474
794
428
110
321
976
65
340
276
295
362
859
73
346
878
457
480
402
579
301
253
458
827
888
698
535
918
928
836
341
123
448
894
898
94
905
821
116
277
517
216
968
198
955
803
863
658
644
168
303
558
222
321
399
34
52
319
391
254
1000
2
180
6
73
794
484
668
585
328
36
984
758
820
554
276
504
91
831
31
58
201
101
303
15
730
644
918
30
609
260
529
111
418
51
432
72
958
737
176
504
114
932
563
333
682
51
808
213
416
701
658
181
777
752
612
798
332
295
740
119
911
762
17
666
249
265
535
899
487
526
92
77
258
930
676
904
672
306
196
500
460
334
989
800
655
86
65
446
770
191
777
727
59
682
124
207
951
834
653
145
114
626
277
576
409
918
36
577
387
338
277
154
51
739
270
289
324
112
593
592
802
976
113
127
156
388
488
647
283
622
794
330
551
59
456
509
957
391
753
885
89
138
792
183
113
737
488
105
805
733
940
269
114
482
730
996
640
37
723
1
902
445
38
885
638
59
669
420
660
251
661
208
947
166
131
794
269
654
600
135
928
497
337
965
880
267
286
142
89
954
820
55
244
456
1
333
129
492
905
703
57
311
852
899
590
961
234
978
273
457
104
413
830
577
358
208
498
952
744
339
420
522
2
563
360
143
421
986
420
663
717
508
654
768
557
659
693
69
657
219
734
261
146
441
645
380
379
412
759
913
752
808
421
983
960
849
422
628
269
476
915
953
875
500
614
831
1000
394
66
926
902
878
883
740
748
921
334
979
130
541
663
309
866
320
904
536
258
144
426
481
186
974
180
578
384
160
766
222
292
201
240
856
356
320
452
489
458
177
747
99
896
786
210
491
773
936
738
919
666
984
876
769
437
535
364
113
854
272
268
141
986
932
296
16
817
584
322
120
629
577
419
394
425
601
607
336
469
992
453
574
762
331
65
389
466
619
714
62
589
730
854
25
55
229
84
782
555
438
187
741
878
862
109
817
1
983
891
41
102
668
429
497
331
893
465
940
820
33
814
374
877
289
911
15
645
485
989
351
84
206
532
227
479
362
270
657
527
618
97
729
476
193
523
163
238
385
973
215
331
121
336
326
956
718
206
780
403
104
155
346
564
515
529
325
5
605
648
70
310
806
863
748
268
916
934
226
472
771
956
832
248
700
982
225
991
729
281
19
542
164
590
744
841
145
178
894
210
631
623
401
674
394
287
389
527
97
764
652
67
106
834
104
862
125
567
481
270
566
873
422
35
459
607
31
491
557
991
84
38
858
409
15
186
65
485
152
455
105
8
943
700
709
531
391
933
967
468
676
214
214
512
319
742
119
865
912
681
120
337
813
5
476
774
374
480
497
282
3
601
561
431
55
275
861
905
636
988
857
127
383
155
194
374
369
171
779
126
174
870
647
612
56
789
867
500
167
604
192
586
987
491
569
150
293
973
830
855
763
554
718
612
256
32
236
166
512
139
61
440
269
648
286
427
236
335
564
257
287
313
561
461
767
894
681
929
117
568
667
178
702
510
848
828
194
422
238
877
786
779
410
567
897
610
298
895
574
87
75
601
20
802
196
283
862
789
931
32
415
122
431
51
121
906
383
557
556
982
156
123
600
142
100
860
719
637
283
415
791
573
813
777
966
745
614
841
863
793
364
986
531
233
348
55
452
808
56
159
289
124
124
833
190
12
995
565
994
129
605
157
962
441
459
303
543
923
523
332
155
647
849
348
634
515
613
401
756
553
783
121
62
541
695
870
936
125
247
772
592
412
197
308
182
337
934
117
517
420
385
19
918
626
890
611
878
966
14
930
779
49
822
605
62
8
536
899
527
488
302
901
565
678
805
466
526
847
596
169
939
83
749
324
439
715
424
328
265
942
364
591
321
640
78
557
904
810
658
660
229
990
245
393
621
321
568
373
336
112
625
736
974
48
332
105
764
714
104
188
782
894
626
362
334
905
100
448
850
107
255
94
488
309
139
272
492
933
717
439
409
418
662
653
653
92
705
137
365
57
113
783
936
623
840
27
914
349
692
502
738
995
646
747
958
789
720
656
846
773
429
50
800
990
668
73
508
792
737
594
460
623
615
163
476
642
617
249
909
226
519
579
156
248
525
271
867
182
240
186
183
72
295
679
213
311
890
803
753
894
872
829
987
905
710
147
83
21
234
150
829
734
210
155
177
54
413
727
813
194
344
160
682
263
823
88
750
470
271
980
762
603
689
237
719
464
234
118
971
137
392
608
615
815
875
548
545
944
260
527
1
674
262
759
411
549
41
913
967
180
94
684
589
898
800
955
663
716
743
768
528
121
605
12
290
57
481
748
151
876
690
259
542
755
500
607
47
413
283
791
488
848
828
382
250
753
666
915
718
224
786
993
873
999
877
401
45
528
707
824
665
636
837
393
134
359
850
968
238
755
956
883
235
844
95
867
141
229
332
651
84
270
589
401
539
697
215
344
539
618
227
255
462
197
262
773
389
225
475
782
260
182
747
605
41
471
97
39
733
572
703
666
346
983
93
846
617
600
424
690
782
220
767
99
515
49
753
182
757
88
549
477
744
50
753
307
371
225
194
897
526
549
291
698
566
510
11
278
842
131
848
277
475
305
437
172
982
65
27
592
274
911
682
761
662
664
105
635
945
302
402
649
768
472
278
748
391
392
255
484
383
82
275
494
819
9
801
954
485
484
780
530
676
690
725
324
825
210
726
867
894
859
889
880
842
974
488
330
999
906
59
690
705
849
167
807
627
348
951
721
553
239
167
492
244
936
856
494
564
973
258
747
624
514
840
8
52
230
837
602
550
233
129
825
299
775
708
705
808
689
548
747
950
18
824
320
767
706
601
352
340
143
977
888
645
517
939
733
145
535
977
7
85
280
48
898
589
569
802
415
871
615
998
387
925
116
228
324
84
467
150
983
183
36
78
436
463
61
574
218
127
597
320
405
824
984
339
438
696
325
220
79
280
41
933
485
808
213
545
958
991
866
800
792
64
396
821
586
612
442
990
607
180
299
212
79
598
829
146
265
32
683
849
488
537
68
277
50
545
332
943
895
232
59
912
167
350
305
551
258
952
1
331
870
846
941
779
526
301
320
825
73
902
714
954
590
412
733
595
160
573
428
371
939
120
777
774
49
276
558
246
559
303
106
289
814
529
190
677
635
139
397
169
100
744
328
874
111
478
708
643
34
249
349
627
463
713
540
609
717
382
126
319
693
32
513
19
931
409
445
920
144
130
838
758
866
104
210
225
835
965
723
577
10
680
942
393
665
37
551
996
962
165
458
950
310
257
881
43
531
558
417
108
142
342
243
458
194
954
764
100
294
17
533
661
21
18
256
696
477
448
814
405
284
633
965
647
392
194
270
864
913
183
55
838
960
754
138
896
198
442
468
264
907
197
244
886
947
808
189
735
941
926
114
720
636
388
38
778
556
417
642
545
406
598
233
878
930
837
215
964
705
901
159
97
535
901
350
939
8
391
221
618
22
347
420
261
122
66
826
93
275
840
407
631
389
921
243
267
334
743
215
33
773
331
955
444
111
183
527
252
331
189
133
288
791
323
741
77
102
22
205
71
508
34
647
62
919
184
815
860
904
75
962
233
338
17
337
547
715
191
202
571
169
518
396
528
38
594
477
51
840
43
813
608
328
801
812
735
807
46
957
631
115
59
541
540
402
692
878
979
432
932
71
170
610
998
439
333
264
546
153
77
993
192
984
728
153
340
224
243
892
392
968
976
681
33
108
93
842
500
539
655
414
803
942
297
194
925
172
12
591
249
235
946
762
218
735
996
777
220
376
29
472
736
181
8
805
624
85
898
524
925
200
993
99
663
576
728
170
332
847
2
680
131
736
640
39
57
723
187
274
318
693
398
291
72
544
536
512
803
268
126
974
424
666
295
220
233
688
562
381
165
982
776
44
2
717
743
694
254
589
926
283
259
867
67
909
146
953
436
275
377
787
895
886
121
872
683
454
2
549
90
151
692
134
191
905
213
770
986
287
209
862
313
375
628
923
962
522
282
936
161
969
271
980
315
65
594
977
159
10
686
669
700
212
59
690
482
678
628
96
503
4
697
637
827
710
563
928
490
805
235
784
801
780
280
948
640
21
536
209
78
327
25
231
753
783
318
128
221
966
365
808
569
507
865
88
710
791
89
55
865
449
629
547
407
631
443
326
942
41
195
11
542
377
782
40
678
460
140
47
957
881
178
510
428
372
504
759
664
131
819
307
889
200
863
665
161
742
165
833
556
194
476
926
103
508
174
988
232
487
934
974
812
445
678
514
367
657
596
640
684
272
161
909
620
161
89
465
541
366
579
737
649
974
238
424
357
924
850
129
592
252
197
270
160
46
235
387
4
696
799
48
896
897
641
949
746
47
409
926
210
533
441
774
962
778
82
18
803
997
429
737
296
288
835
928
403
909
111
941
734
217
994
615
887
310
509
982
325
646
386
204
150
256
538
565
660
340
670
340
204
279
836
950
180
341
377
881
237
211
895
306
13
47
183
776
797
168
140
314
276
642
795
14
402
726
277
424
442
214
12
999
91
627
562
601
261
434
47
90
555
675
241
642
952
556
775
756
191
541
365
672
855
984
277
892
540
165
42
84
687
604
208
901
334
283
785
808
910
8
311
60
760
318
73
110
597
814
700
525
498
910
436
628
915
89
806
366
716
528
551
618
551
600
989
143
789
13
549
847
972
172
53
492
835
256
72
388
581
348
616
648
408
46
170
783
657
376
489
90
367
64
579
356
933
299
859
330
45
866
363
949
813
621
355
523
558
30
277
477
264
908
686
871
997
153
304
769
976
859
100
605
613
444
495
766
79
592
625
289
518
949
273
148
469
9
101
635
521
146
589
626
609
753
446
34
229
641
556
714
924
950
793
272
967
914
960
888
243
866
312
798
615
334
247
712
133
864
981
616
463
927
104
688
519
160
131
559
164
941
96
473
999
771
491
772
1000
792
550
135
852
833
65
395
1000
405
939
787
665
170
226
891
952
283
102
71
775
567
491
790
559
27
719
613
704
21
401
897
586
391
605
155
58
533
105
235
127
723
425
747
292
356
742
731
508
672
411
155
448
575
379
352
312
949
421
977
184
179
320
140
440
997
860
882
464
648
647
250
397
161
7
956
423
115
577
266
538
607
334
889
300
646
527
730
374
718
581
416
184
848
613
976
29
730
374
26
207
20
923
124
181
729
240
839
178
962
456
146
976
135
197
445
706
954
234
450
65
96
729
447
507
181
402
530
815
113
483
179
399
377
963
18
999
481
294
448
26
327
976
391
145
383
489
641
626
224
770
326
316
300
519
580
583
527
457
805
571
751
387
188
863
616
49
267
10
321
322
37
908
918
128
980
758
367
46
366
926
924
594
405
167
662
64
596
430
796
671
305
863
433
191
109
815
693
409
175
666
386
457
646
255
81
228
900
871
99
487
805
884
650
448
290
644
796
958
822
533
129
510
672
334
901
912
6
771
354
937
632
622
201
82
745
421
248
116
837
835
635
17
704
163
374
19
36
121
742
486
755
779
632
917
747
698
87
88
69
142
692
648
996
206
576
58
340
207
303
493
655
917
741
609
74
845
832
918
974
906
588
749
410
872
537
592
33
144
132
681
241
690
839
318
503
512
312
940
518
543
948
681
602
34
420
506
641
466
809
862
308
770
199
60
541
243
891
298
632
845
519
737
919
101
778
331
333
586
842
369
380
79
315
443
972
734
412
512
988
352
638
766
350
88
616
917
303
647
631
432
706
827
748
574
304
180
718
20
782
739
319
32
637
684
92
467
1
839
828
91
297
134
322
698
69
590
334
170
962
542
946
352
601
481
863
558
230
70
968
748
361
422
772
109
666
196
514
155
152
879
695
244
409
563
289
480
323
696
39
49
278
434
258
444
744
370
879
739
730
970
639
529
161
373
8
401
188
987
465
239
469
328
36
512
955
489
858
199
735
295
883
401
637
116
998
227
844
537
136
806
694
253
848
716
478
478
827
683
261
504
417
91
472
19
269
665
429
480
420
729
960
876
547
585
73
479
69
463
470
761
536
406
457
788
805
541
477
297
548
259
466
406
810
806
216
372
755
936
15
652
2
118
444
210
470
304
14
764
203
809
202
753
307
223
921
191
363
162
670
987
128
740
209
256
643
215
124
881
278
427
35
103
98
550
220
286
769
191
810
569
840
5
332
960
2
675
87
182
840
172
693
748
461
947
813
979
427
717
914
505
499
29
670
257
373
209
309
318
20
71
355
636
863
681
750
996
189
205
171
7
788
47
934
681
476
737
999
509
757
948
806
97
30
591
212
385
648
519
490
42
35
350
423
919
80
32
776
673
933
961
278
910
915
503
291
393
821
348
502
440
869
813
211
143
147
703
532
6
370
62
940
221
662
692
894
31
279
856
536
596
320
869
352
603
145
696
965
614
330
917
163
434
220
415
41
633
682
228
348
550
656
720
386
365
524
754
992
882
445
654
273
465
714
638
560
594
34
378
946
561
789
689
817
254
871
134
494
841
1
862
428
525
430
463
307
941
859
619
202
96
721
176
815
803
608
730
740
799
1
313
199
128
506
528
789
728
97
765
428
751
166
673
878
377
876
619
619
666
782
23
572
290
959
311
944
228
850
959
366
750
309
171
412
19
583
523
569
918
858
220
590
593
909
933
1
153
442
680
860
956
628
679
112
855
11
579
476
384
639
782
901
148
906
707
829
351
739
814
261
257
939
116
660
37
366
331
295
992
755
925
627
613
132
639
678
59
431
48
293
673
242
978
634
188
859
786
979
817
23
413
656
996
420
531
477
219
765
792
574
940
778
249
981
830
444
123
634
179
187
578
713
628
125
484
207
896
96
536
59
777
839
703
876
163
884
436
179
196
853
851
351
908
850
18
365
845
784
910
392
814
543
610
592
589
466
660
95
251
800
299
283
296
193
731
360
708
284
183
190
974
429
399
382
199
327
749
115
160
669
719
138
682
633
675
140
480
564
904
883
972
930
839
185
949
106
770
539
76
620
651
713
256
953
981
388
771
36
965
242
491
617
471
839
595
905
434
705
319
962
583
232
184
670
217
899
344
51
252
568
88
280
802
560
877
432
413
520
347
311
58
436
339
292
3
374
561
274
343
980
129
45
128
201
445
965
442
909
543
77
309
527
930
307
367
536
761
950
210
543
534
534
631
7
702
139
43
40
302
745
712
949
260
90
805
943
633
677
868
794
303
478
794
396
970
119
349
116
134
749
915
402
540
102
20
633
564
792
976
465
26
459
814
861
846
294
54
546
127
928
427
925
400
245
799
291
263
744
365
577
242
163
891
219
478
369
115
194
987
878
847
543
958
618
353
142
722
545
940
335
903
271
345
234
220
788
123
29
106
242
622
17
125
74
151
757
915
447
194
461
243
662
833
466
519
42
521
643
736
83
286
515
158
305
981
213
986
226
864
314
327
120
514
477
810
391
860
8
266
424
60
875
141
279
626
886
306
26
541
8
606
215
810
280
374
655
880
731
868
109
540
762
328
695
860
459
36
96
340
344
269
385
782
688
502
808
586
829
420
3
728
127
706
381
938
823
828
832
788
171
463
328
855
490
466
233
329
117
264
32
322
587
554
808
930
166
882
715
261
297
23
719
285
473
961
105
807
244
588
800
325
412
334
357
263
84
949
627
693
641
943
926
328
425
498
701
784
377
928
818
380
163
145
706
559
543
843
3
74
964
545
561
291
21
457
557
694
950
434
48
236
523
186
461
835
451
813
493
984
727
115
800
664
659
322
654
806
906
649
437
979
274
200
361
20
778
857
514
977
176
795
213
658
999
248
549
840
292
429
424
66
258
867
714
235
64
381
728
288
672
741
843
352
279
818
715
372
134
906
503
100
506
89
378
988
794
675
121
385
825
30
967
508
944
64
336
108
447
48
967
87
472
1
547
127
756
127
538
33
476
132
757
685
746
916
64
114
606
336
430
154
261
473
370
568
162
838
258
947
18
802
524
1
937
270
553
849
580
505
90
279
91
954
329
228
994
205
541
566
835
582
282
641
597
125
302
616
645
404
776
447
1000
968
575
81
670
787
55
689
564
700
256
360
138
975
40
376
975
176
51
270
905
829
925
73
434
561
691
538
334
483
636
676
225
805
458
76
842
243
655
252
869
62
783
632
36
500
582
436
153
658
303
151
962
619
395
811
365
381
534
463
678
609
745
161
938
140
732
79
925
796
256
988
715
783
673
715
996
775
608
629
112
921
629
136
626
396
122
242
876
878
829
806
63
238
195
830
342
553
825
99
407
811
52
355
549
840
797
923
361
421
911
379
881
977
103
836
743
452
1
964
749
771
641
731
402
911
147
930
161
841
984
848
484
111
712
834
227
670
259
264
971
389
749
189
615
978
932
696
472
983
423
866
3
834
97
593
469
218
405
524
508
328
683
226
932
675
751
371
934
780
662
132
53
230
789
677
633
27
886
966
756
512
57
139
211
56
346
170
770
904
183
621
557
836
773
637
549
632
675
524
850
768
595
784
635
746
375
311
669
40
644
507
806
366
22
845
408
746
744
183
43
864
500
889
294
630
416
192
709
37
756
576
500
500
15
552
514
846
683
189
10
252
195
13
788
491
228
806
468
506
794
8
19
975
872
278
542
884
525
102
594
445
799
531
345
797
340
482
509
512
658
57
79
40
153
644
408
18
520
791
146
973
202
115
758
498
49
799
737
644
604
718
597
133
708
476
889
332
511
347
732
523
614
240
805
246
468
972
225
906
976
450
262
556
944
970
126
794
177
34
291
150
808
150
175
312
558
172
820
870
498
393
28
257
288
722
649
700
422
311
837
668
703
333
220
155
976
592
977
213
294
241
519
178
180
744
348
226
244
571
378
612
782
746
347
137
32
50
310
459
646
992
938
942
989
511
929
631
70
702
681
612
271
693
840
366
899
607
420
465
251
823
808
396
88
631
221
727
122
765
319
836
326
480
684
460
402
952
804
921
638
923
520
853
748
261
105
780
296
807
641
979
624
562
414
166
223
354
994
981
937
535
214
437
272
553
133
38
969
917
805
477
9
338
799
390
982
292
451
451
233
647
770
823
753
209
797
811
639
863
245
772
602
329
454
220
333
477
703
781
306
146
115
287
848
379
177
754
260
527
70
330
539
242
533
136
773
445
429
887
882
941
974
368
791
44
569
117
441
837
777
73
895
247
861
506
86
776
84
47
819
320
550
29
244
682
83
944
390
395
968
321
179
106
569
634
941
778
454
482
596
945
81
899
532
493
177
134
973
340
648
690
84
180
885
971
49
903
31
56
29
104
966
18
561
494
116
222
191
475
730
459
527
166
410
594
974
180
481
304
726
349
376
160
697
140
61
52
531
856
406
874
253
628
505
12
653
734
665
180
35
815
141
720
47
109
182
636
897
885
156
750
381
196
626
480
388
676
75
958
153
851
76
835
495
1000
165
288
401
451
846
185
25
31
971
920
119
234
521
551
151
570
737
442
970
118
247
557
499
968
246
835
565
460
96
47
590
150
399
350
38
452
363
213
480
428
980
825
497
570
115
72
139
438
430
574
854
228
544
342
327
121
3
696
568
61
805
553
900
121
469
709
489
840
499
160
517
760
587
256
572
619
670
873
617
665
307
970
88
129
696
61
204
477
516
770
138
245
476
117
782
81
213
473
135
368
794
308
695
318
926
194
71
234
514
483
306
523
135
542
589
336
267
309
473
668
413
910
744
209
208
133
433
746
355
465
110
839
126
839
789
905
767
495
346
428
288
7
16
202
738
955
237
745
830
274
624
605
879
710
318
691
355
95
271
409
906
444
162
173
377
189
541
245
652
31
939
67
343
153
65
183
79
82
231
510
466
51
269
380
117
381
344
3
230
250
378
57
190
357
180
545
871
953
776
747
92
543
489
711
62
933
86
456
755
433
663
253
570
861
282
718
431
738
669
500
328
511
505
995
918
80
559
634
25
410
716
148
193
848
462
376
652
397
359
767
395
437
474
408
442
630
631
293
76
509
894
280
662
948
494
655
644
815
674
355
215
102
959
743
539
143
826
999
207
783
837
554
529
689
779
424
616
904
65
7
578
4
983
208
472
82
449
476
505
992
220
980
554
934
971
571
170
465
868
784
486
473
937
885
316
351
426
836
190
214
563
77
794
282
474
287
5
4
984
49
203
842
798
783
838
587
711
955
158
49
159
410
731
740
929
883
648
837
454
433
977
771
383
87
161
797
289
894
580
179
762
256
427
605
288
359
283
256
450
847
954
720
188
170
648
236
971
283
141
219
205
467
158
559
212
389
446
37
555
302
34
380
698
447
422
232
443
835
458
649
381
444
593
805
225
406
677
91
714
607
591
740
583
719
76
440
729
60
586
997
974
456
522
698
766
773
316
551
205
629
725
613
447
825
269
434
200
881
753
380
373
542
702
998
411
880
186
556
323
393
37
377
309
734
373
568
69
538
177
146
573
245
83
636
174
336
995
490
694
147
466
847
33
599
269
160
769
915
618
295
843
657
144
432
884
199
368
583
970
830
668
999
177
720
739
94
76
99
914
778
291
947
30
946
523
943
78
805
83
525
573
543
141
501
342
320
859
683
722
222
506
711
877
374
883
699
302
587
123
730
461
356
400
612
863
321
468
685
344
754
277
88
353
876
690
543
870
758
451
443
148
290
896
902
510
180
485
926
780
779
691
254
42
354
250
432
432
599
867
788
37
430
216
557
461
834
281
911
248
466
270
78
675
224
131
478
497
817
22
719
559
242
880
7
494
788
338
642
429
848
60
507
900
922
345
912
550
570
221
287
988
201
280
641
826
391
579
844
811
155
1000
325
474
77
583
684
203
624
809
819
851
352
303
649
862
296
993
124
941
234
870
807
47
496
496
431
923
481
137
469
120
745
834
558
997
93
720
3
363
984
201
629
64
193
42
407
97
888
779
424
922
428
231
97
383
976
12
230
672
204
78
504
605
614
205
312
610
408
195
313
462
882
604
520
608
968
994
45
4
782
953
563
867
211
184
64
399
407
450
474
415
173
830
122
48
469
278
577
707
860
317
991
655
269
882
243
867
629
269
687
98
118
603
488
217
718
321
37
180
56
974
489
302
469
653
74
202
707
823
220
36
132
871
164
811
415
915
953
30
339
63
391
654
59
898
146
548
156
620
256
781
4
441
357
470
161
225
434
469
575
492
506
893
315
648
378
163
304
419
721
875
289
109
445
624
954
89
885
971
629
566
101
460
447
684
125
359
216
37
362
533
589
605
216
906
865
1
460
796
461
439
477
63
860
580
368
851
380
341
803
531
808
10
98
462
693
314
104
802
758
844
942
889
970
182
512
557
290
735
682
981
490
812
461
763
578
701
316
621
242
23
71
943
680
701
814
303
583
331
798
396
169
787
669
390
619
492
631
299
319
442
589
507
568
7
683
870
490
1000
638
345
617
753
169
319
253
149
542
654
489
170
85
425
713
963
674
575
106
463
528
606
16
376
206
315
480
484
237
928
472
626
426
189
985
925
68
880
18
230
818
847
589
931
533
956
826
756
957
202
732
299
672
907
426
933
753
717
83
425
959
567
214
821
515
468
472
135
382
881
301
366
419
997
956
768
807
802
982
572
70
618
994
882
591
846
842
338
474
53
936
974
133
231
621
452
881
54
837
241
627
468
351
129
583
378
738
820
261
934
428
765
155
973
426
990
775
700
930
322
686
248
701
852
77
739
610
495
696
225
762
604
780
235
244
927
333
194
287
352
323
283
367
286
66
411
541
895
566
608
599
900
752
69
647
617
228
864
838
892
834
781
821
709
95
151
460
648
861
527
138
801
825
278
513
915
4
139
211
886
289
353
793
387
234
932
303
933
394
628
834
500
652
116
374
324
83
422
706
687
46
880
512
448
717
327
678
158
520
914
444
334
127
181
906
538
916
21
408
365
113
3
249
195
163
627
604
195
286
930
44
950
493
453
328
538
8
259
496
824
35
334
782
668
518
650
655
840
456
956
948
507
307
178
130
265
384
257
426
743
859
518
340
594
169
751
488
717
811
555
769
799
862
376
338
101
647
973
803
318
144
5
607
111
276
740
349
461
129
290
910
556
296
545
724
770
679
430
712
334
858
736
110
264
722
945
145
719
535
521
290
3
34
638
734
961
919
614
2
276
90
654
517
516
536
661
269
462
166
39
808
273
552
522
366
809
734
587
125
414
951
657
797
151
704
693
216
494
580
637
72
997
513
434
829
161
727
32
349
602
808
767
780
279
616
942
572
317
329
350
716
629
982
539
827
461
274
937
756
709
158
531
17
878
941
338
191
852
269
976
767
943
783
262
711
30
210
828
337
622
778
383
447
60
628
779
112
887
141
887
908
223
727
168
846
452
103
804
670
821
623
107
941
891
226
291
490
160
67
657
734
399
94
719
766
837
571
227
236
825
411
624
175
797
671
982
33
169
845
802
324
140
891
502
271
726
220
112
838
35
968
467
272
884
840
795
330
940
101
622
781
570
352
973
918
882
144
897
43
567
814
4
94
100
33
618
673
153
247
665
749
972
483
96
742
515
497
267
184
420
89
783
994
509
581
210
885
755
650
317
389
886
285
28
146
79
916
172
706
757
697
165
442
95
49
89
44
238
31
810
187
145
95
42
375
947
789
409
540
668
189
435
447
498
124
434
621
769
57
146
326
109
799
8
502
294
271
404
142
319
802
939
251
259
287
512
361
223
222
292
389
254
208
614
655
236
552
305
614
351
702
522
584
462
637
460
282
925
594
221
524
348
126
977
884
667
367
800
788
435
273
492
114
460
337
301
154
222
364
428
383
489
269
239
894
462
576
72
392
449
760
560
522
550
839
951
399
258
331
568
370
68
535
92
714
85
433
71
803
279
195
466
379
78
173
808
593
338
115
459
950
651
433
970
570
484
794
20
174
813
896
26
846
704
951
42
189
551
321
481
335
213
128
962
592
599
559
960
848
873
546
107
379
193
645
880
858
678
808
127
822
681
935
846
642
437
879
713
980
451
273
521
457
994
238
963
320
496
453
74
593
508
251
788
760
57
69
608
849
280
597
583
825
92
5
969
470
953
948
288
680
193
594
219
375
773
801
885
671
496
243
518
900
137
357
325
721
87
267
725
359
691
80
513
802
994
145
178
207
51
137
282
225
426
762
759
931
549
664
574
971
346
287
520
6
324
17
605
618
868
38
347
631
759
7
129
490
432
834
378
877
519
229
740
66
559
300
906
393
733
992
612
358
904
228
770
817
691
9
826
100
575
361
196
849
371
306
297
953
77
251
391
770
497
622
403
148
212
601
244
72
845
738
913
641
388
28
613
862
669
97
258
33
761
692
810
456
355
858
544
584
169
597
593
903
486
580
841
66
343
858
281
396
326
215
496
816
400
799
736
609
68
186
550
618
816
116
648
953
788
885
523
931
732
489
329
541
965
547
481
960
460
947
343
398
319
67
904
784
324
934
721
768
433
447
926
662
959
947
368
565
132
933
447
136
804
787
580
143
680
178
357
790
161
42
936
409
105
120
158
210
243
37
236
916
30
882
397
64
980
511
194
338
654
909
258
916
263
666
549
25
483
979
653
909
563
525
534
452
512
995
569
692
953
166
627
814
469
476
318
760
830
364
869
781
137
534
461
39
967
923
337
556
852
875
625
951
986
5
543
789
670
418
737
671
547
835
966
888
916
551
123
895
258
245
923
193
904
112
258
708
483
804
126
268
551
308
968
868
483
269
78
279
912
827
570
572
904
112
807
538
536
346
653
795
648
725
985
111
773
28
817
652
20
571
364
823
700
287
37
373
527
685
790
639
819
854
664
217
45
977
200
729
358
782
220
565
137
885
645
599
264
881
612
770
668
441
599
999
856
414
980
683
27
465
181
224
753
277
220
345
805
415
90
412
317
336
451
217
355
514
693
376
679
141
768
539
284
580
472
790
637
730
341
539
253
211
540
146
777
986
928
83
708
281
446
545
204
224
231
523
123
429
355
738
436
779
564
759
873
117
113
533
704
692
438
683
332
919
780
254
241
433
362
432
462
674
610
672
322
252
142
640
243
817
61
188
16
716
759
665
835
725
241
138
60
510
191
211
752
420
424
348
869
702
213
279
378
342
427
146
985
602
689
292
649
495
787
305
195
332
188
38
507
140
151
336
789
265
503
897
351
827
430
15
357
730
346
603
877
117
3
336
124
826
915
773
499
649
676
475
940
459
29
192
763
494
428
22
81
511
442
554
118
49
644
516
781
370
590
522
662
252
207
258
229
745
469
303
534
186
776
431
93
4
955
985
615
827
388
236
495
250
376
215
920
592
840
654
204
358
444
122
974
649
247
286
91
779
3
223
422
705
912
165
150
715
207
953
653
849
683
545
851
540
954
589
134
14
912
531
397
15
879
300
767
919
498
502
921
678
162
714
569
703
600
745
214
999
325
644
156
562
65
888
366
318
478
612
976
125
940
193
560
1000
511
527
353
274
773
786
108
764
735
119
611
591
867
478
957
746
392
997
465
479
825
423
338
863
255
364
360
586
288
512
769
624
879
458
646
803
766
497
68
438
584
73
590
243
146
885
408
229
636
673
580
922
471
327
79
586
257
301
830
586
492
56
188
540
820
966
10
843
1000
539
109
777
838
315
574
325
289
67
901
660
191
1
169
122
256
926
609
259
542
307
629
874
325
35
127
908
501
691
783
152
787
84
173
965
939
825
23
584
440
992
851
220
810
304
656
436
95
348
647
936
461
194
466
620
638
548
715
528
78
540
854
266
971
784
327
922
184
880
777
208
212
779
160
562
377
887
64
262
972
384
433
938
503
840
320
615
921
696
736
932
796
516
674
51
713
650
638
689
634
800
413
305
480
829
14
639
319
101
719
785
237
814
993
347
293
900
65
940
292
57
904
750
733
357
30
336
421
811
910
71
571
173
682
227
388
238
474
117
238
850
956
664
659
481
380
964
885
400
194
614
641
960
910
991
397
616
440
485
310
973
213
796
505
534
302
771
917
310
183
939
459
173
54
595
804
238
524
200
403
958
968
334
162
446
484
176
778
464
229
719
668
816
381
789
492
113
866
114
180
666
320
154
350
694
974
134
471
943
82
876
382
532
713
966
536
630
708
573
725
511
48
546
199
417
220
600
54
883
572
967
985
553
83
959
73
855
755
711
228
545
210
430
523
994
823
633
479
408
242
699
652
260
889
114
506
39
761
11
893
780
875
802
328
237
33
845
81
141
424
308
275
339
283
343
969
287
552
367
147
54
716
708
422
662
665
771
458
367
348
187
798
827
785
624
954
490
220
546
8
917
789
371
281
103
187
342
819
715
460
315
820
226
590
699
955
374
100
398
656
721
241
868
789
987
851
294
391
13
465
35
526
394
615
558
152
622
943
992
315
969
441
148
972
277
204
640
334
489
37
412
526
8
978
9
967
90
472
135
811
433
885
72
796
70
425
143
464
252
912
934
276
754
182
362
128
427
961
135
834
38
205
921
281
295
976
251
525
600
997
642
929
428
175
820
385
742
300
916
146
921
865
370
194
981
596
275
838
219
300
894
563
555
747
656
481
245
492
404
673
792
864
748
270
116
565
435
745
732
687
966
912
980
552
759
448
675
669
86
395
743
534
397
696
58
303
195
134
974
489
638
589
683
355
704
319
917
658
404
745
601
824
703
727
770
470
759
326
24
911
150
502
605
154
282
256
83
222
922
38
844
815
217
546
85
960
937
703
948
454
293
983
605
902
238
557
339
950
959
736
136
605
254
279
133
455
886
31
909
376
499
372
945
776
85
869
679
104
892
550
494
966
159
884
489
92
523
302
426
799
180
402
977
821
950
922
586
861
18
951
847
571
149
430
30
573
936
310
889
637
241
298
862
712
228
245
318
250
857
190
560
182
253
498
222
729
926
965
523
112
382
158
924
379
623
152
412
348
51
579
942
791
6
184
28
878
135
198
817
970
14
954
679
284
967
328
398
402
371
556
208
839
996
251
221
537
253
54
786
780
743
735
361
106
480
183
796
363
591
172
373
923
500
724
866
312
189
144
759
228
327
457
134
963
643
950
710
560
418
687
248
430
314
23
256
434
403
866
83
786
358
193
56
5
488
176
301
646
979
684
822
959
983
356
893
181
941
232
884
850
79
76
332
96
93
683
296
999
914
984
953
622
446
503
357
112
420
93
307
413
896
674
361
918
174
778
657
402
73
759
349
687
969
902
325
711
300
78
398
634
70
123
227
629
451
69
393
241
446
706
22
207
316
41
290
600
228
540
442
919
849
752
189
163
762
554
328
677
301
520
689
712
962
454
478
270
630
273
847
75
109
838
506
252
564
480
984
995
751
312
21
249
77
490
925
499
283
890
615
382
938
93
363
718
240
123
614
714
565
281
817
608
777
844
904
489
17
770
136
348
719
608
495
322
797
486
415
570
373
268
709
750
648
255
646
59
648
75
608
91
60
858
985
720
408
735
149
359
866
868
18
445
908
197
849
375
792
415
370
983
95
827
131
634
407
811
320
42
511
445
461
917
785
133
617
375
731
251
799
268
357
830
789
608
296
821
508
218
883
730
305
813
526
186
683
675
452
25
791
340
411
243
38
23
594
65
7
812
211
760
42
18
214
826
697
975
116
301
182
9
258
124
574
39
924
684
718
929
714
929
575
169
317
666
943
492
52
635
159
239
992
84
807
