22
847
804
33
241
584
326
352
523
650
518
476
493
472
486
304
371
818
924
544
369
283
113
565
79
827
449
110
241
147
752
355
699
841
453
418
847
448
312
671
404
541
229
51
138
671
152
320
84
587
452
29
600
934
661
367
444
657
915
383
407
213
331
195
17
402
555
290
224
634
63
101
708
345
400
771
803
385
99
686
728
436
242
786
384
134
431
549
212
408
370
543
384
134
458
961
927
638
798
510
421
18
454
892
520
260
538
47
974
217
962
333
554
137
726
936
777
258
557
4
166
132
504
248
141
224
65
450
974
684
265
949
374
245
119
477
420
548
395
142
885
573
205
57
45
25
436
216
845
388
692
557
657
631
516
938
225
772
149
206
714
409
958
660
563
155
825
335
568
563
586
298
351
842
767
751
748
602
72
329
543
572
134
288
511
879
757
220
571
479
616
176
870
716
82
495
594
350
272
673
475
633
545
517
881
397
636
375
39
162
307
764
508
818
218
461
703
799
935
681
219
859
71
13
296
189
438
948
938
536
34
399
564
298
131
420
443
94
757
614
722
770
298
280
129
644
537
637
934
68
928
608
51
927
770
54
257
742
421
51
551
249
299
429
834
713
604
167
773
822
837
542
964
631
663
441
943
492
767
982
522
377
359
96
566
862
979
534
390
776
671
136
942
247
179
130
983
774
524
406
966
622
36
342
600
437
721
632
322
94
811
565
513
134
602
161
481
692
916
127
266
375
458
575
41
76
981
958
967
861
461
495
655
77
668
834
706
230
592
625
88
653
568
793
850
405
329
607
891
238
465
796
491
939
584
106
346
675
414
227
255
157
210
526
454
870
145
891
264
393
219
220
885
789
507
862
916
957
342
469
411
140
860
168
951
353
438
529
163
103
800
242
1000
932
884
363
884
248
112
662
973
511
644
829
821
755
238
758
113
381
686
917
930
812
350
717
852
136
874
107
173
669
475
609
55
801
514
85
552
701
739
459
564
194
537
771
31
147
746
698
117
918
232
714
826
489
707
983
63
788
828
769
527
896
190
702
125
936
969
981
612
674
54
221
106
806
23
746
459
815
923
535
515
479
463
902
741
767
817
526
744
3
178
158
578
496
543
632
992
864
835
521
64
154
771
413
392
242
870
875
630
350
393
142
306
1000
585
279
138
185
9
529
16
475
494
106
830
950
193
967
469
206
128
519
885
624
281
52
229
256
513
13
399
55
14
849
995
746
297
641
78
609
110
207
867
220
488
351
961
834
132
776
222
178
402
367
245
953
26
617
961
821
168
429
839
162
648
120
979
674
370
629
66
685
198
994
717
542
703
892
170
932
374
806
955
250
963
519
956
941
935
368
624
298
807
436
191
833
483
69
708
900
399
289
203
759
511
358
291
906
790
24
40
900
572
516
476
863
124
613
35
612
508
753
318
852
284
689
606
262
400
591
362
226
435
70
543
969
606
846
622
288
411
244
402
999
94
247
837
714
903
137
958
687
75
644
797
53
112
28
13
452
422
288
172
46
882
460
442
131
290
506
308
405
418
209
771
316
745
981
686
216
61
570
67
837
89
595
162
347
845
810
803
46
824
725
585
2
836
709
201
260
862
680
170
141
380
574
447
685
500
181
664
178
168
871
105
720
373
576
764
376
120
475
276
584
640
800
797
364
969
18
235
990
23
810
135
32
746
407
205
669
153
563
268
411
350
804
196
498
791
927
428
645
109
487
758
627
587
146
56
617
474
186
692
277
478
609
929
246
509
275
494
627
521
898
255
275
524
338
659
717
825
207
996
109
244
996
154
893
756
66
492
634
517
515
389
614
333
349
761
453
719
125
585
68
175
507
442
220
429
616
516
724
110
911
38
584
283
756
529
293
136
479
974
895
499
858
256
824
52
52
566
599
851
590
313
203
251
229
31
805
75
877
597
94
782
884
844
883
458
840
66
423
587
546
763
419
750
135
724
493
262
167
824
124
238
423
9
964
94
24
584
193
59
477
178
770
34
5
702
899
708
188
406
6
787
319
544
556
674
441
33
657
877
379
932
632
328
62
292
237
4
329
519
249
509
288
669
363
210
96
227
706
694
210
279
447
665
34
634
637
950
609
716
67
527
508
936
444
655
918
897
563
151
828
110
34
655
145
294
69
847
913
93
579
281
387
565
839
343
684
599
98
436
271
592
124
32
706
653
309
632
76
442
569
445
636
969
920
642
961
485
251
846
382
833
194
334
126
942
754
38
847
8
140
56
39
721
26
853
963
835
533
392
756
960
648
53
368
