1
4
4
5
6
7
8
9
9
10
10
10
11
12
14
15
15
15
15
15
16
16
17
19
20
21
21
23
28
28
28
30
32
32
33
35
36
36
37
41
41
42
42
44
47
47
47
47
48
51
52
52
53
53
54
56
56
58
59
59
60
61
61
63
63
63
63
64
65
66
66
68
70
70
70
71
72
72
74
75
76
77
79
81
81
82
82
84
84
86
89
89
89
90
92
93
94
95
96
98
98
100
102
102
103
103
103
105
105
105
106
106
108
109
109
110
110
110
111
112
113
114
114
114
115
116
116
117
118
119
120
123
123
124
124
125
126
130
131
132
132
132
133
133
133
134
134
137
138
143
144
145
145
145
147
149
150
150
151
152
153
153
155
157
159
161
163
164
164
164
165
165
166
166
167
167
167
168
170
170
170
171
171
172
172
173
173
174
175
175
176
178
179
179
180
181
183
183
183
184
186
187
188
188
189
189
189
190
191
192
193
194
195
196
196
198
198
200
200
201
202
204
204
206
208
209
211
214
215
216
216
217
218
219
220
226
230
231
233
234
236
236
237
238
241
242
242
244
244
245
246
247
247
247
247
249
250
250
251
252
254
256
256
257
257
258
258
258
259
260
260
262
262
264
264
265
265
269
270
270
271
272
272
273
275
276
279
279
280
280
283
283
285
286
286
287
287
288
289
291
292
292
293
294
296
296
297
299
303
303
303
304
305
305
306
306
308
311
312
314
316
318
318
320
320
321
322
322
323
324
325
326
327
328
329
333
333
335
335
335
335
336
338
339
339
340
341
341
341
343
345
345
346
346
346
347
348
349
350
351
352
353
353
353
358
359
360
363
363
364
364
365
368
368
369
370
371
372
372
374
374
375
376
377
378
378
382
384
384
385
386
386
388
389
392
392
394
395
395
396
397
399
399
399
399
401
402
404
404
405
406
406
406
408
409
412
412
413
414
415
415
416
416
417
417
418
418
418
419
419
419
421
421
424
424
424
425
425
425
425
426
427
427
427
428
428
429
431
432
435
435
436
438
443
443
444
445
447
448
448
449
449
459
460
460
461
462
463
463
463
464
465
466
466
467
467
467
469
469
470
471
471
473
473
474
475
475
477
480
481
481
481
483
484
487
487
490
490
491
492
492
494
494
494
494
495
498
499
499
501
503
506
507
510
510
513
514
515
517
517
519
519
519
523
524
524
524
525
525
526
528
530
531
535
536
536
540
540
541
544
545
545
551
551
551
552
552
552
552
552
556
556
557
557
557
558
558
559
559
560
561
561
561
561
561
561
562
563
563
564
565
568
569
570
570
570
570
570
573
574
576
577
577
579
579
580
584
585
586
586
586
589
590
592
592
593
593
593
594
595
598
600
600
603
603
604
605
609
609
612
613
614
615
615
616
617
618
620
621
622
624
625
626
626
626
627
627
628
628
629
630
630
630
630
631
632
632
633
634
634
635
635
636
636
637
638
639
639
640
641
641
642
642
644
646
650
651
651
653
653
654
656
656
657
660
660
660
662
663
664
665
665
666
666
667
668
668
669
669
671
671
671
673
673
675
675
676
678
678
681
683
684
685
685
687
687
688
689
690
690
690
691
692
693
693
693
694
695
697
698
700
701
701
702
702
702
703
703
705
706
707
707
707
707
707
707
708
708
710
711
711
712
713
713
716
717
717
718
718
719
720
721
723
723
725
725
726
726
728
728
730
734
736
738
738
738
739
742
743
746
748
748
750
752
752
754
754
755
755
757
760
761
762
763
765
765
765
766
766
767
767
770
771
771
772
772
772
773
773
774
774
779
780
783
784
784
785
788
789
789
790
790
790
791
792
792
793
793
794
796
797
798
798
798
799
802
802
803
803
803
804
805
805
809
810
813
815
816
816
818
819
821
823
824
824
826
829
829
830
830
832
833
833
834
835
837
839
840
840
841
841
842
845
846
847
848
849
851
852
853
855
857
858
859
859
859
859
861
861
863
864
864
864
864
869
870
870
871
871
871
872
873
876
876
876
877
878
879
879
880
883
887
888
888
890
891
892
892
894
894
895
895
896
896
896
897
898
899
900
901
901
902
902
907
908
908
908
909
912
914
914
916
919
924
925
925
926
932
932
932
933
938
938
939
940
940
943
943
943
944
945
945
947
948
949
949
950
951
953
954
954
955
956
958
959
960
960
961
962
963
964
964
965
965
966
968
968
970
972
973
973
974
974
975
975
976
976
976
977
977
978
981
981
982
983
986
986
987
987
987
989
993
995
995
996
997
997
999
1000
1000
