2
3
4
4
5
6
8
9
9
13
13
13
14
16
17
18
18
22
23
23
24
24
25
26
26
28
29
31
31
32
32
33
33
34
34
34
34
35
36
38
38
39
39
40
41
45
46
46
47
51
51
51
52
52
52
53
53
54
54
55
55
56
56
57
59
61
62
63
63
64
65
66
66
66
67
67
68
68
69
69
70
71
72
75
75
76
76
77
78
79
82
84
85
88
89
93
94
94
94
94
94
96
96
98
99
101
103
105
106
106
106
107
109
109
110
110
110
110
112
112
113
113
117
119
120
120
124
124
124
125
125
126
127
128
129
130
131
131
132
132
134
134
134
134
135
135
136
136
136
137
137
138
138
140
140
141
141
142
142
145
145
146
147
147
149
151
152
153
154
154
155
157
158
161
162
162
162
163
166
167
167
168
168
168
170
170
172
173
175
176
178
178
178
178
179
181
185
186
188
189
190
191
193
193
194
194
195
196
198
201
203
203
205
205
206
206
207
207
209
210
210
210
212
213
216
216
217
218
219
219
220
220
220
220
221
222
224
224
225
226
227
227
229
229
229
230
232
235
237
238
238
238
241
241
242
242
242
244
244
245
245
246
247
247
248
248
249
249
250
251
251
255
255
256
256
257
258
260
260
262
262
264
265
266
268
271
272
275
275
276
277
279
279
280
281
281
283
283
284
288
288
288
288
289
290
290
291
292
293
294
296
297
298
298
298
298
299
304
306
307
308
309
312
313
316
318
319
320
322
326
328
329
329
329
331
333
333
334
335
338
342
342
343
345
346
347
349
350
350
350
350
351
351
352
353
355
358
359
362
363
363
364
367
367
368
368
369
370
370
371
373
374
374
375
375
376
377
379
380
381
382
383
384
384
385
387
388
389
390
392
392
393
393
395
397
399
399
399
400
400
402
402
402
404
405
405
406
406
407
407
408
409
411
411
411
413
414
418
418
419
420
420
421
421
422
423
423
428
429
429
429
431
435
436
436
436
436
437
438
438
441
441
442
442
442
443
444
444
445
447
447
448
449
450
452
452
453
453
454
454
458
458
458
459
459
460
461
461
463
465
469
469
472
474
475
475
475
475
476
476
477
477
478
479
479
479
481
483
485
486
487
488
489
491
492
492
493
493
494
494
495
495
496
498
499
500
504
506
507
507
508
508
508
509
509
510
511
511
511
513
513
514
515
515
516
516
516
517
517
518
519
519
519
520
521
521
522
523
524
524
526
526
527
527
529
529
529
533
534
535
536
537
537
538
541
542
542
543
543
543
543
544
544
545
546
548
549
551
552
554
555
556
557
557
563
563
563
563
564
564
565
565
565
566
566
568
568
569
570
571
572
572
573
574
575
576
578
579
584
584
584
584
584
585
585
585
586
587
587
587
590
591
592
592
594
595
597
599
599
600
600
602
602
604
606
606
607
608
609
609
609
609
612
612
613
614
614
616
616
617
617
622
622
624
624
625
627
627
629
630
631
631
632
632
632
632
633
634
634
634
636
636
637
637
638
640
641
642
644
644
644
645
648
648
650
653
653
655
655
655
657
657
657
659
660
661
662
663
664
665
668
669
669
669
671
671
671
673
674
674
674
675
680
681
684
684
685
685
686
686
686
687
689
692
692
692
694
698
699
701
702
702
703
703
706
706
706
707
708
708
708
709
713
714
714
714
716
716
717
717
717
719
720
721
721
722
724
724
725
726
728
739
741
742
744
745
746
746
746
746
748
750
751
752
753
754
755
756
756
756
757
757
758
758
759
761
763
764
764
767
767
767
769
770
770
770
771
771
771
771
772
773
774
776
776
777
782
786
787
788
789
790
791
793
796
797
797
798
799
800
800
801
803
803
804
804
805
806
806
807
810
810
811
812
815
817
818
818
821
821
822
824
824
824
825
825
826
827
828
828
829
830
833
833
834
834
834
835
835
836
837
837
837
839
839
840
841
842
844
845
845
846
846
847
847
847
847
849
850
851
852
852
853
858
859
860
861
862
862
862
863
864
867
870
870
870
871
874
875
877
877
879
881
882
883
884
884
884
885
885
885
891
891
892
892
893
895
896
897
898
899
900
900
902
903
906
911
913
915
916
916
917
918
918
920
923
924
927
927
927
928
929
930
932
932
932
934
934
935
935
936
936
936
938
938
939
941
942
942
943
948
949
950
950
951
953
955
956
957
958
958
958
960
961
961
961
961
962
963
963
964
964
966
967
967
969
969
969
969
973
974
974
974
979
979
981
981
981
982
983
983
990
992
994
995
996
996
999
1000
1000
